479001600
10 1 10
-100 1 8 2 1
317 1 6 2 2
-302 1 4 2 3
-69 1 2 2 4
90 2 5
67 1 7 3 1
-303 1 5 2 1 3 1
98 1 3 2 2 3 1
381 1 1 2 3 3 1
52 1 4 3 2
115 1 2 2 1 3 2
-81 2 2 3 2
-21 1 1 3 3
-67 1 6 4 1
258 1 4 2 1 4 1
-17 1 2 2 2 4 1
-219 2 3 4 1
-59 1 3 3 1 4 1
-269 1 1 2 1 3 1 4 1
21 3 2 4 1
18 1 2 4 2
87 2 1 4 2
45 1 5 5 1
-81 1 3 2 1 5 1
-162 1 1 2 2 5 1
-19 1 2 3 1 5 1
53 2 1 3 1 5 1
42 1 1 4 1 5 1
-5 5 2
-45 1 4 6 1
58 1 2 2 1 6 1
109 2 2 6 1
42 1 1 3 1 6 1
-32 4 1 6 1
23 1 3 7 1
53 1 1 2 1 7 1
-10 3 1 7 1
-23 1 2 8 1
-43 2 1 8 1
-10 1 1 9 1
10 10 1
