958003200
10 1 9 2 1
-90 1 7 2 2
270 1 5 2 3
-300 1 3 2 4
90 1 1 2 5
-10 1 8 3 1
137 1 6 2 1 3 1
-452 1 4 2 2 3 1
381 1 2 2 3 3 1
-47 1 5 3 2
203 1 3 2 1 3 2
-81 1 1 2 2 3 2
-21 1 2 3 3
10 1 7 4 1
-127 1 5 2 1 4 1
357 1 3 2 2 4 1
-219 1 1 2 3 4 1
84 1 4 3 1 4 1
-269 1 2 2 1 3 1 4 1
21 1 1 3 2 4 1
-37 1 3 4 2
87 1 1 2 1 4 2
-10 1 6 5 1
95 1 4 2 1 5 1
-162 1 2 2 2 5 1
-52 1 3 3 1 5 1
53 1 1 2 1 3 1 5 1
42 1 2 4 1 5 1
-5 1 1 5 2
10 1 5 6 1
-85 1 3 2 1 6 1
109 1 1 2 2 6 1
42 1 2 3 1 6 1
-32 1 1 4 1 6 1
-10 1 4 7 1
53 1 2 2 1 7 1
-10 1 1 3 1 7 1
10 1 3 8 1
-43 1 1 2 1 8 1
-10 1 2 9 1
10 1 1 10 1
