2615348736000
-1382 1 12
16584 1 10 2 1
-70078 1 8 2 2
118384 1 6 2 3
-51107 1 4 2 4
-35060 1 2 2 5
15202 2 6
-12034 1 9 3 1
82622 1 7 2 1 3 1
-137326 1 5 2 2 3 1
-29772 1 3 2 3 3 1
101758 1 1 2 4 3 1
-21553 1 6 3 2
31088 1 4 2 1 3 2
80101 1 2 2 2 3 2
-25748 2 3 3 2
2154 1 3 3 3
-20946 1 1 2 1 3 3
703 3 4
12034 1 8 4 1
-73591 1 6 2 1 4 1
96790 1 4 2 2 4 1
42147 1 2 2 3 4 1
-50262 2 4 4 1
34075 1 5 3 1 4 1
-13921 1 3 2 1 3 1 4 1
-130685 1 1 2 2 3 1 4 1
-14181 1 2 3 2 4 1
18134 2 1 3 2 4 1
-13952 1 4 4 2
-2416 1 2 2 1 4 2
36081 2 2 4 2
15157 1 1 3 1 4 2
-3130 4 3
-9031 1 7 5 1
40536 1 5 2 1 5 1
-12375 1 3 2 2 5 1
-51496 1 1 2 3 5 1
-13890 1 4 3 1 5 1
-30858 1 2 2 1 3 1 5 1
22255 2 2 3 1 5 1
8579 1 1 3 2 5 1
7719 1 3 4 1 5 1
36268 1 1 2 1 4 1 5 1
-5767 3 1 4 1 5 1
1228 1 2 5 2
-3657 2 1 5 2
9031 1 6 6 1
-34365 1 4 2 1 6 1
1341 1 2 2 2 6 1
29241 2 3 6 1
7719 1 3 3 1 6 1
36125 1 1 2 1 3 1 6 1
-2812 3 2 6 1
-4551 1 2 4 1 6 1
-23187 2 1 4 1 6 1
-5624 1 1 5 1 6 1
2121 6 2
-6171 1 5 7 1
11034 1 3 2 1 7 1
22255 1 1 2 2 7 1
2599 1 2 3 1 7 1
-7314 2 1 3 1 7 1
-5767 1 1 4 1 7 1
1382 5 1 7 1
6171 1 4 8 1
-7866 1 2 2 1 8 1
-14941 2 2 8 1
-5767 1 1 3 1 8 1
4385 4 1 8 1
-3168 1 3 9 1
-7314 1 1 2 1 9 1
1382 3 1 9 1
3168 1 2 10 1
5932 2 1 10 1
1382 1 1 11 1
-1382 12 1
