5230697472000
-1382 1 11 2 1
15202 1 9 2 2
-60808 1 7 2 3
106414 1 5 2 4
-76010 1 3 2 5
15202 1 1 2 6
1382 1 10 3 1
-24472 1 8 2 1 3 1
118384 1 6 2 2 3 1
-203127 1 4 2 3 3 1
101758 1 2 2 4 3 1
9270 1 7 3 2
-69285 1 5 2 1 3 2
116956 1 3 2 2 3 2
-25748 1 1 2 3 3 2
11709 1 4 3 3
-20946 1 2 2 1 3 3
703 1 1 3 4
-1382 1 9 4 1
23090 1 7 2 1 4 1
-99679 1 5 2 2 4 1
141792 1 3 2 3 4 1
-50262 1 1 2 4 4 1
-17158 1 6 3 1 4 1
108474 1 4 2 1 3 1 4 1
-130685 1 2 2 2 3 1 4 1
-23736 1 3 3 2 4 1
18134 1 1 2 1 3 2 4 1
7888 1 5 4 2
-42001 1 3 2 1 4 2
36081 1 1 2 2 4 2
15157 1 2 3 1 4 2
-3130 1 1 4 3
1382 1 8 5 1
-18705 1 6 2 1 5 1
61335 1 4 2 2 5 1
-51496 1 2 2 3 5 1
12773 1 5 3 1 5 1
-54973 1 3 2 1 3 1 5 1
22255 1 1 2 2 3 1 5 1
8579 1 2 3 2 5 1
-11391 1 4 4 1 5 1
36268 1 2 2 1 4 1 5 1
-5767 1 1 3 1 4 1 5 1
3503 1 3 5 2
-3657 1 1 2 1 5 2
-1382 1 7 6 1
17323 1 5 2 1 6 1
-48254 1 3 2 2 6 1
29241 1 1 2 3 6 1
-11391 1 4 3 1 6 1
36125 1 2 2 1 3 1 6 1
-2812 1 1 3 2 6 1
10009 1 3 4 1 6 1
-23187 1 1 2 1 4 1 6 1
-5624 1 2 5 1 6 1
2121 1 1 6 2
1382 1 6 7 1
-13081 1 4 2 1 7 1
22255 1 2 2 2 7 1
7149 1 3 3 1 7 1
-7314 1 1 2 1 3 1 7 1
-5767 1 2 4 1 7 1
1382 1 1 5 1 7 1
-1382 1 5 8 1
11699 1 3 2 1 8 1
-14941 1 1 2 2 8 1
-5767 1 2 3 1 8 1
4385 1 1 4 1 8 1
1382 1 4 9 1
-7314 1 2 2 1 9 1
1382 1 1 3 1 9 1
-1382 1 3 10 1
5932 1 1 2 1 10 1
1382 1 2 11 1
-1382 1 1 12 1
