31384184832000
420 1 14
-5880 1 12 2 1
30958 1 10 2 2
-74380 1 8 2 3
74200 1 6 2 4
-7760 1 4 2 5
-23018 1 2 2 6
5460 2 7
4498 1 11 3 1
-40834 1 9 2 1 3 1
115816 1 7 2 2 3 1
-87158 1 5 2 3 3 1
-58882 1 3 2 4 3 1
53422 1 1 2 5 3 1
12606 1 8 3 2
-51414 1 6 2 1 3 2
7681 1 4 2 2 3 2
82592 1 2 2 3 3 2
-15202 2 4 3 2
5688 1 5 3 3
13684 1 3 2 1 3 3
-25692 1 1 2 2 3 3
-2401 1 2 3 4
1552 2 1 3 4
-4498 1 10 4 1
37246 1 8 2 1 4 1
-91258 1 6 2 2 4 1
46575 1 4 2 3 4 1
49626 1 2 2 4 4 1
-23018 2 5 4 1
-21624 1 7 3 1 4 1
68203 1 5 2 1 3 1 4 1
31316 1 3 2 2 3 1 4 1
-104544 1 1 2 3 3 1 4 1
-6997 1 4 3 2 4 1
-42902 1 2 2 1 3 2 4 1
19484 2 2 3 2 4 1
5359 1 1 3 3 4 1
9447 1 6 4 2
-22951 1 4 2 1 4 2
-19435 1 2 2 2 4 2
25000 2 3 4 2
804 1 3 3 1 4 2
33145 1 1 2 1 3 1 4 2
-2255 3 2 4 2
505 1 2 4 3
-5890 2 1 4 3
3588 1 9 5 1
-24558 1 7 2 1 5 1
40583 1 5 2 2 5 1
9256 1 3 2 3 5 1
-30404 1 1 2 4 5 1
12797 1 6 3 1 5 1
-18329 1 4 2 1 3 1 5 1
-47697 1 2 2 2 3 1 5 1
15576 2 3 3 1 5 1
-1926 1 3 3 2 5 1
18871 1 1 2 1 3 2 5 1
-849 3 3 5 1
-10067 1 5 4 1 5 1
3867 1 3 2 1 4 1 5 1
38968 1 1 2 2 4 1 5 1
8399 1 2 3 1 4 1 5 1
-10965 2 1 3 1 4 1 5 1
-4510 1 1 4 2 5 1
2050 1 4 5 2
4537 1 2 2 1 5 2
-3377 2 2 5 2
-2573 1 1 3 1 5 2
875 4 1 5 2
-3588 1 8 6 1
21828 1 6 2 1 6 1
-28349 1 4 2 2 6 1
-12943 1 2 2 3 6 1
14828 2 4 6 1
-10067 1 5 3 1 6 1
3776 1 3 2 1 3 1 6 1
38721 1 1 2 2 3 1 6 1
4245 1 2 3 2 6 1
-5359 2 1 3 2 6 1
8195 1 4 4 1 6 1
1794 1 2 2 1 4 1 6 1
-21249 2 2 4 1 6 1
-8968 1 1 3 1 4 1 6 1
2760 4 2 6 1
-2228 1 3 5 1 6 1
-10718 1 1 2 1 5 1 6 1
1698 3 1 5 1 6 1
633 1 2 6 2
3399 2 1 6 2
2730 1 7 7 1
-12234 1 5 2 1 7 1
3687 1 3 2 2 7 1
15576 1 1 2 3 7 1
4191 1 4 3 1 7 1
9321 1 2 2 1 3 1 7 1
-6754 2 2 3 1 7 1
-2599 1 1 3 2 7 1
-2319 1 3 4 1 7 1
-10965 1 1 2 1 4 1 7 1
1750 3 1 4 1 7 1
-736 1 2 5 1 7 1
2222 2 1 5 1 7 1
1698 1 1 6 1 7 1
-210 7 2
-2730 1 6 8 1
10362 1 4 2 1 8 1
-345 1 2 2 2 8 1
-8822 2 3 8 1
-2319 1 3 3 1 8 1
-10913 1 1 2 1 3 1 8 1
849 3 2 8 1
1357 1 2 4 1 8 1
6993 2 1 4 1 8 1
1698 1 1 5 1 8 1
-1278 6 1 8 1
1872 1 5 9 1
-3342 1 3 2 1 9 1
-6754 1 1 2 2 9 1
-788 1 2 3 1 9 1
2222 2 1 3 1 9 1
1750 1 1 4 1 9 1
-420 5 1 9 1
-1872 1 4 10 1
2380 1 2 2 1 10 1
4532 2 2 10 1
1750 1 1 3 1 10 1
-1330 4 1 10 1
962 1 3 11 1
2222 1 1 2 1 11 1
-420 3 1 11 1
-962 1 2 12 1
-1802 2 1 12 1
-420 1 1 13 1
420 14 1
