62768369664000
420 1 13 2 1
-5460 1 11 2 2
27300 1 9 2 3
-65520 1 7 2 4
76440 1 5 2 5
-38220 1 3 2 6
5460 1 1 2 7
-420 1 12 3 1
9118 1 10 2 1 3 1
-58000 1 8 2 2 3 1
150640 1 6 2 3 3 1
-160640 1 4 2 4 3 1
53422 1 2 2 5 3 1
-3658 1 9 3 2
38632 1 7 2 1 3 2
-116646 1 5 2 2 3 2
108340 1 3 2 3 3 2
-15202 1 1 2 4 3 2
-7932 1 6 3 3
34630 1 4 2 1 3 3
-25692 1 2 2 2 3 3
-3104 1 3 3 4
1552 1 1 2 1 3 4
420 1 11 4 1
-8698 1 9 2 1 4 1
50632 1 7 2 2 4 1
-115146 1 5 2 3 4 1
99888 1 3 2 4 4 1
-23018 1 1 2 5 4 1
6896 1 8 3 1 4 1
-64750 1 6 2 1 3 1 4 1
162001 1 4 2 2 3 1 4 1
-104544 1 2 2 3 3 1 4 1
18650 1 5 3 2 4 1
-61036 1 3 2 1 3 2 4 1
19484 1 1 2 2 3 2 4 1
5359 1 2 3 3 4 1
-3238 1 7 4 2
26967 1 5 2 1 4 2
-55516 1 3 2 2 4 2
25000 1 1 2 3 4 2
-14353 1 4 3 1 4 2
33145 1 2 2 1 3 1 4 2
-2255 1 1 3 2 4 2
3635 1 3 4 3
-5890 1 1 2 1 4 3
-420 1 10 5 1
7368 1 8 2 1 5 1
-35494 1 6 2 2 5 1
60752 1 4 2 3 5 1
-30404 1 2 2 4 5 1
-5566 1 7 3 1 5 1
41467 1 5 2 1 3 1 5 1
-69952 1 3 2 2 3 1 5 1
15576 1 1 2 3 3 1 5 1
-10505 1 4 3 2 5 1
18871 1 2 2 1 3 2 5 1
-849 1 1 3 3 5 1
5146 1 6 4 1 5 1
-32401 1 4 2 1 4 1 5 1
38968 1 2 2 2 4 1 5 1
14166 1 3 3 1 4 1 5 1
-10965 1 1 2 1 3 1 4 1 5 1
-4510 1 2 4 2 5 1
-1908 1 5 5 2
8194 1 3 2 1 5 2
-3377 1 1 2 2 5 2
-2573 1 2 3 1 5 2
875 1 1 4 1 5 2
420 1 9 6 1
-6948 1 7 2 1 6 1
29824 1 5 2 2 6 1
-42184 1 3 2 3 6 1
14828 1 1 2 4 6 1
5146 1 6 3 1 6 1
-32349 1 4 2 1 3 1 6 1
38721 1 2 2 2 3 1 6 1
7057 1 3 3 2 6 1
-5359 1 1 2 1 3 2 6 1
-4726 1 5 4 1 6 1
24981 1 3 2 1 4 1 6 1
-21249 1 1 2 2 4 1 6 1
-8968 1 2 3 1 4 1 6 1
2760 1 1 4 2 6 1
3396 1 4 5 1 6 1
-10718 1 2 2 1 5 1 6 1
1698 1 1 3 1 5 1 6 1
-1488 1 3 6 2
3399 1 1 2 1 6 2
-420 1 8 7 1
5670 1 6 2 1 7 1
-18568 1 4 2 2 7 1
15576 1 2 2 3 7 1
-3868 1 5 3 1 7 1
16635 1 3 2 1 3 1 7 1
-6754 1 1 2 2 3 1 7 1
-2599 1 2 3 2 7 1
3448 1 4 4 1 7 1
-10965 1 2 2 1 4 1 7 1
1750 1 1 3 1 4 1 7 1
-2118 1 3 5 1 7 1
2222 1 1 2 1 5 1 7 1
1698 1 2 6 1 7 1
-210 1 1 7 2
420 1 7 8 1
-5250 1 5 2 1 8 1
14596 1 3 2 2 8 1
-8822 1 1 2 3 8 1
3448 1 4 3 1 8 1
-10913 1 2 2 1 3 1 8 1
849 1 1 3 2 8 1
-3028 1 3 4 1 8 1
6993 1 1 2 1 4 1 8 1
1698 1 2 5 1 8 1
-1278 1 1 6 1 8 1
-420 1 6 9 1
3972 1 4 2 1 9 1
-6754 1 2 2 2 9 1
-2170 1 3 3 1 9 1
2222 1 1 2 1 3 1 9 1
1750 1 2 4 1 9 1
-420 1 1 5 1 9 1
420 1 5 10 1
-3552 1 3 2 1 10 1
4532 1 1 2 2 10 1
1750 1 2 3 1 10 1
-1330 1 1 4 1 10 1
-420 1 4 11 1
2222 1 2 2 1 11 1
-420 1 1 3 1 11 1
420 1 3 12 1
-1802 1 1 2 1 12 1
-420 1 2 13 1
420 1 1 14 1
