32011868528640000
-10851 1 16
173616 1 14 2 1
-1092804 1 12 2 2
3391152 1 10 2 3
-5210366 1 8 2 4
3105520 1 6 2 5
594544 1 4 2 6
-1055040 1 2 2 7
162765 2 8
-137916 1 13 3 1
1547892 1 11 2 1 3 1
-6108556 1 9 2 2 3 1
9447728 1 7 2 3 3 1
-2708184 1 5 2 4 3 1
-4738996 1 3 2 5 3 1
2200260 1 1 2 6 3 1
-525570 1 10 3 2
3386192 1 8 2 1 3 2
-5187872 1 6 2 2 3 2
-2119716 1 4 2 3 3 2
5704774 1 2 2 4 3 2
-681120 2 5 3 2
-558288 1 7 3 3
757988 1 5 2 1 3 3
2505504 1 3 2 2 3 3
-1981416 1 1 2 3 3 3
39369 1 4 3 4
-618076 1 2 2 1 3 4
162660 2 2 3 4
33852 1 1 3 5
137916 1 12 4 1
-1433470 1 10 2 1 4 1
5071436 1 8 2 2 4 1
-6512416 1 6 2 3 4 1
512132 1 4 2 4 4 1
3228490 1 2 2 5 4 1
-838020 2 6 4 1
936718 1 9 3 1 4 1
-5187768 1 7 2 1 3 1 4 1
5467686 1 5 2 2 3 1 4 1
5769956 1 3 2 3 3 1 4 1
-5936210 1 1 2 4 3 1 4 1
1127368 1 6 3 2 4 1
-127774 1 4 2 1 3 2 4 1
-5651420 1 2 2 2 3 2 4 1
1330776 2 3 3 2 4 1
-330920 1 3 3 3 4 1
1137332 1 1 2 1 3 3 4 1
-33852 3 4 4 1
-422198 1 8 4 2
2004398 1 6 2 1 4 2
-1352895 1 4 2 2 4 2
-2358900 1 2 2 3 4 2
1246002 2 4 4 2
-724350 1 5 3 1 4 2
-856420 1 3 2 1 3 1 4 2
3447240 1 1 2 2 3 1 4 2
488621 1 2 3 2 4 2
-421188 2 1 3 2 4 2
155270 1 4 4 3
324274 1 2 2 1 4 3
-534048 2 2 4 3
-240026 1 1 3 1 4 3
31005 4 4
-114422 1 11 5 1
1037120 1 9 2 1 5 1
-2935312 1 7 2 2 5 1
2196052 1 5 2 3 5 1
1510506 1 3 2 4 5 1
-1362240 1 1 2 5 5 1
-639818 1 8 3 1 5 1
2604222 1 6 2 1 3 1 5 1
-376705 1 4 2 2 3 1 5 1
-4203108 1 2 2 3 3 1 5 1
782654 2 4 3 1 5 1
-431984 1 5 3 2 5 1
-1044644 1 3 2 1 3 2 5 1
1972456 1 1 2 2 3 2 5 1
244731 1 2 3 3 5 1
-159548 2 1 3 3 5 1
547496 1 7 4 1 5 1
-1719663 1 5 2 1 4 1 5 1
-811880 1 3 2 2 4 1 5 1
2661552 1 1 2 3 4 1 5 1
352345 1 4 3 1 4 1 5 1
2176691 1 2 2 1 3 1 4 1 5 1
-1002720 2 2 3 1 4 1 5 1
-411001 1 1 3 2 4 1 5 1
-18429 1 3 4 2 5 1
-842376 1 1 2 1 4 2 5 1
116006 3 1 4 2 5 1
-161763 1 6 5 2
230955 1 4 2 1 5 2
603235 1 2 2 2 5 2
-200984 2 3 5 2
48585 1 3 3 1 5 2
-482469 1 1 2 1 3 1 5 2
32741 3 2 5 2
-105532 1 2 4 1 5 2
141472 2 1 4 1 5 2
21901 1 1 5 3
114422 1 10 6 1
-944798 1 8 2 1 6 1
2303836 1 6 2 2 6 1
-1153819 1 4 2 3 6 1
-1270230 1 2 2 4 6 1
579586 2 5 6 1
547496 1 7 3 1 6 1
-1714206 1 5 2 1 3 1 6 1
-820448 1 3 2 2 3 1 6 1
2641016 1 1 2 3 3 1 6 1
173444 1 4 3 2 6 1
1090241 1 2 2 1 3 2 6 1
-491092 2 2 3 2 6 1
-135408 1 1 3 3 6 1
-477053 1 6 4 1 6 1
1145565 1 4 2 1 4 1 6 1
1004663 1 2 2 2 4 1 6 1
-1256864 2 3 4 1 6 1
-34053 1 3 3 1 4 1 6 1
-1672325 1 1 2 1 3 1 4 1 6 1
113507 3 2 4 1 6 1
-41323 1 2 4 2 6 1
443426 2 1 4 2 6 1
253083 1 5 5 1 6 1
-89405 1 3 2 1 5 1 6 1
-982184 1 1 2 2 5 1 6 1
-213869 1 2 3 1 5 1 6 1
275515 2 1 3 1 5 1 6 1
227014 1 1 4 1 5 1 6 1
-21901 5 2 6 1
-102370 1 4 6 2
-26907 1 2 2 1 6 2
266117 2 2 6 2
112810 1 1 3 1 6 2
-69008 4 1 6 2
-92322 1 9 7 1
631476 1 7 2 1 7 1
-1042233 1 5 2 2 7 1
-240276 1 3 2 3 7 1
782654 1 1 2 4 7 1
-328983 1 6 3 1 7 1
470478 1 4 2 1 3 1 7 1
1227006 1 2 2 2 3 1 7 1
-401968 2 3 3 1 7 1
49571 1 3 3 2 7 1
-486294 1 1 2 1 3 2 7 1
21901 3 3 7 1
258540 1 5 4 1 7 1
-97973 1 3 2 1 4 1 7 1
-1002720 1 1 2 2 4 1 7 1
-215841 1 2 3 1 4 1 7 1
282944 2 1 3 1 4 1 7 1
116006 1 1 4 2 7 1
-105290 1 4 5 1 7 1
-232824 1 2 2 1 5 1 7 1
174435 2 2 5 1 7 1
132579 1 1 3 1 5 1 7 1
-45196 4 1 5 1 7 1
56947 1 3 6 1 7 1
275515 1 1 2 1 6 1 7 1
-43802 3 1 6 1 7 1
9366 1 2 7 2
-28701 2 1 7 2
92322 1 8 8 1
-561033 1 6 2 1 8 1
726675 1 4 2 2 8 1
335086 1 2 2 3 8 1
-380686 2 4 8 1
258540 1 5 3 1 8 1
-95168 1 3 2 1 3 1 8 1
-995070 1 1 2 2 3 1 8 1
-109323 1 2 3 2 8 1
137647 2 1 3 2 8 1
-210197 1 4 4 1 8 1
-48051 1 2 2 1 4 1 8 1
545341 2 2 4 1 8 1
230397 1 1 3 1 4 1 8 1
-70810 4 2 8 1
56947 1 3 5 1 8 1
275294 1 1 2 1 5 1 8 1
-43581 3 1 5 1 8 1
-32098 1 2 6 1 8 1
-174311 2 1 6 1 8 1
-43581 1 1 7 1 8 1
16365 8 2
-70443 1 7 9 1
315558 1 5 2 1 9 1
-94810 1 3 2 2 9 1
-401968 1 1 2 3 9 1
-108095 1 4 3 1 9 1
-240474 1 2 2 1 3 1 9 1
174435 2 2 3 1 9 1
67097 1 1 3 2 9 1
59752 1 3 4 1 9 1
282944 1 1 2 1 4 1 9 1
-45196 3 1 4 1 9 1
18953 1 2 5 1 9 1
-57402 2 1 5 1 9 1
-43802 1 1 6 1 9 1
10851 7 1 9 1
70443 1 6 10 1
-267215 1 4 2 1 10 1
8538 1 2 2 2 10 1
227533 2 3 10 1
59752 1 3 3 1 10 1
281550 1 1 2 1 3 1 10 1
-21901 3 2 10 1
-34903 1 2 4 1 10 1
-180346 2 1 4 1 10 1
-43802 1 1 5 1 10 1
32951 6 1 10 1
-48343 1 5 11 1
86272 1 3 2 1 11 1
174435 1 1 2 2 11 1
20347 1 2 3 1 11 1
-57402 2 1 3 1 11 1
-45196 1 1 4 1 11 1
10851 5 1 11 1
48343 1 4 12 1
-61423 1 2 2 1 12 1
-117033 2 2 12 1
-45196 1 1 3 1 12 1
34345 4 1 12 1
-24849 1 3 13 1
-57402 1 1 2 1 13 1
10851 3 1 13 1
24849 1 2 14 1
46551 2 1 14 1
10851 1 1 15 1
-10851 16 1
