64023737057280000
-10851 1 15 2 1
162765 1 13 2 2
-976590 1 11 2 3
2984025 1 9 2 4
-4882950 1 7 2 5
4101678 1 5 2 6
-1519140 1 3 2 7
162765 1 1 2 8
10851 1 14 3 1
-278979 1 12 2 1 3 1
2197542 1 10 2 2 3 1
-7651841 1 8 2 3 3 1
12676102 1 6 2 4 3 1
-9279866 1 4 2 5 3 1
2200260 1 2 2 6 3 1
116214 1 11 3 2
-1582347 1 9 2 1 3 2
6894300 1 7 2 2 3 2
-11766332 1 5 2 3 3 2
6996944 1 3 2 4 3 2
-681120 1 1 2 5 3 2
361395 1 8 3 3
-2541644 1 6 2 1 3 3
4689324 1 4 2 2 3 3
-1981416 1 2 2 3 3 3
315160 1 5 3 4
-749996 1 3 2 1 3 4
162660 1 1 2 2 3 4
33852 1 2 3 5
-10851 1 13 4 1
268128 1 11 2 1 4 1
-1963759 1 9 2 2 4 1
6169448 1 7 2 3 4 1
-8832802 1 5 2 4 4 1
5185020 1 3 2 5 4 1
-838020 1 1 2 6 4 1
-221577 1 10 3 1 4 1
2754530 1 8 2 1 3 1 4 1
-10524044 1 6 2 2 3 1 4 1
14656196 1 4 2 3 3 1 4 1
-5936210 1 2 2 4 3 1 4 1
-907804 1 7 3 2 4 1
5368564 1 5 2 1 3 2 4 1
-7307560 1 3 2 2 3 2 4 1
1330776 1 1 2 3 3 2 4 1
-786435 1 4 3 3 4 1
1137332 1 2 2 1 3 3 4 1
-33852 1 1 3 4 4 1
105363 1 9 4 2
-1194084 1 7 2 1 4 2
3979342 1 5 2 2 4 2
-4483900 1 3 2 3 4 2
1246002 1 1 2 4 4 2
753324 1 6 3 1 4 2
-3673745 1 4 2 1 3 1 4 2
3447240 1 2 2 2 3 1 4 2
680296 1 3 3 2 4 2
-421188 1 1 2 1 3 2 4 2
-206915 1 5 4 3
824924 1 3 2 1 4 3
-534048 1 1 2 2 4 3
-240026 1 2 3 1 4 3
31005 1 1 4 4
10851 1 12 5 1
-233783 1 10 2 1 5 1
1482393 1 8 2 2 5 1
-3843300 1 6 2 3 5 1
4094846 1 4 2 4 5 1
-1362240 1 2 2 5 5 1
187232 1 9 3 1 5 1
-1972144 1 7 2 1 3 1 5 1
5947550 1 5 2 2 3 1 5 1
-5527068 1 3 2 3 3 1 5 1
782654 1 1 2 4 3 1 5 1
606784 1 6 3 2 5 1
-2648679 1 4 2 1 3 2 5 1
1972456 1 2 2 2 3 2 5 1
316896 1 3 3 3 5 1
-159548 1 1 2 1 3 3 5 1
-176381 1 8 4 1 5 1
1650978 1 6 2 1 4 1 5 1
-4124160 1 4 2 2 4 1 5 1
2661552 1 2 2 3 4 1 5 1
-949804 1 5 3 1 4 1 5 1
3108716 1 3 2 1 3 1 4 1 5 1
-1002720 1 1 2 2 3 1 4 1 5 1
-411001 1 2 3 2 4 1 5 1
364921 1 4 4 2 5 1
-842376 1 2 2 1 4 2 5 1
116006 1 1 3 1 4 2 5 1
71018 1 7 5 2
-527704 1 5 2 1 5 2
890280 1 3 2 2 5 2
-200984 1 1 2 3 5 2
267290 1 4 3 1 5 2
-482469 1 2 2 1 3 1 5 2
32741 1 1 3 2 5 2
-179907 1 3 4 1 5 2
141472 1 1 2 1 4 1 5 2
21901 1 2 5 3
-10851 1 11 6 1
222932 1 9 2 1 6 1
-1292412 1 7 2 2 6 1
2928918 1 5 2 3 6 1
-2530610 1 3 2 4 6 1
579586 1 1 2 5 6 1
-176381 1 8 3 1 6 1
1649584 1 6 2 1 3 1 6 1
-4111733 1 4 2 2 3 1 6 1
2641016 1 2 2 3 3 1 6 1
-474205 1 5 3 2 6 1
1545756 1 3 2 1 3 2 6 1
-491092 1 1 2 2 3 2 6 1
-135408 1 2 3 3 6 1
165530 1 7 4 1 6 1
-1371999 1 5 2 1 4 1 6 1
2810828 1 3 2 2 4 1 6 1
-1256864 1 1 2 3 4 1 6 1
728227 1 4 3 1 4 1 6 1
-1672325 1 2 2 1 3 1 4 1 6 1
113507 1 1 3 2 4 1 6 1
-275923 1 3 4 2 6 1
443426 1 1 2 1 4 2 6 1
-131185 1 6 5 1 6 1
821625 1 4 2 1 5 1 6 1
-982184 1 2 2 2 5 1 6 1
-358199 1 3 3 1 5 1 6 1
275515 1 1 2 1 3 1 5 1 6 1
227014 1 2 4 1 5 1 6 1
-21901 1 1 5 2 6 1
60167 1 5 6 2
-315822 1 3 2 1 6 2
266117 1 1 2 2 6 2
112810 1 2 3 1 6 2
-69008 1 1 4 1 6 2
10851 1 10 7 1
-189981 1 8 2 1 7 1
914382 1 6 2 2 7 1
-1564236 1 4 2 3 7 1
782654 1 2 2 4 7 1
143430 1 7 3 1 7 1
-1067835 1 5 2 1 3 1 7 1
1801096 1 3 2 2 3 1 7 1
-401968 1 1 2 3 3 1 7 1
270486 1 4 3 2 7 1
-486294 1 2 2 1 3 2 7 1
21901 1 1 3 3 7 1
-132579 1 6 4 1 7 1
834052 1 4 2 1 4 1 7 1
-1002720 1 2 2 2 4 1 7 1
-364591 1 3 3 1 4 1 7 1
282944 1 1 2 1 3 1 4 1 7 1
116006 1 2 4 2 7 1
98234 1 5 5 1 7 1
-421694 1 3 2 1 5 1 7 1
174435 1 1 2 2 5 1 7 1
132579 1 2 3 1 5 1 7 1
-45196 1 1 4 1 5 1 7 1
-87383 1 4 6 1 7 1
275515 1 2 2 1 6 1 7 1
-43802 1 1 3 1 6 1 7 1
27216 1 3 7 2
-28701 1 1 2 1 7 2
-10851 1 9 8 1
179130 1 7 2 1 8 1
-767982 1 5 2 2 8 1
1084956 1 3 2 3 8 1
-380686 1 1 2 4 8 1
-132579 1 6 3 1 8 1
832437 1 4 2 1 3 1 8 1
-995070 1 2 2 2 3 1 8 1
-181488 1 3 3 2 8 1
137647 1 1 2 1 3 2 8 1
121728 1 5 4 1 8 1
-642456 1 3 2 1 4 1 8 1
545341 1 1 2 2 4 1 8 1
230397 1 2 3 1 4 1 8 1
-70810 1 1 4 2 8 1
-87383 1 4 5 1 8 1
275294 1 2 2 1 5 1 8 1
-43581 1 1 3 1 5 1 8 1
76532 1 3 6 1 8 1
-174311 1 1 2 1 6 1 8 1
-43581 1 2 7 1 8 1
16365 1 1 8 2
10851 1 8 9 1
-146400 1 6 2 1 9 1
479280 1 4 2 2 9 1
-401968 1 2 2 3 9 1
99849 1 5 3 1 9 1
-429344 1 3 2 1 3 1 9 1
174435 1 1 2 2 3 1 9 1
67097 1 2 3 2 9 1
-88998 1 4 4 1 9 1
282944 1 2 2 1 4 1 9 1
-45196 1 1 3 1 4 1 9 1
54653 1 3 5 1 9 1
-57402 1 1 2 1 5 1 9 1
-43802 1 2 6 1 9 1
10851 1 1 7 1 9 1
-10851 1 7 10 1
135549 1 5 2 1 10 1
-376682 1 3 2 2 10 1
227533 1 1 2 3 10 1
-88998 1 4 3 1 10 1
281550 1 2 2 1 3 1 10 1
-21901 1 1 3 2 10 1
78147 1 3 4 1 10 1
-180346 1 1 2 1 4 1 10 1
-43802 1 2 5 1 10 1
32951 1 1 6 1 10 1
10851 1 6 11 1
-102598 1 4 2 1 11 1
174435 1 2 2 2 11 1
56047 1 3 3 1 11 1
-57402 1 1 2 1 3 1 11 1
-45196 1 2 4 1 11 1
10851 1 1 5 1 11 1
-10851 1 5 12 1
91747 1 3 2 1 12 1
-117033 1 1 2 2 12 1
-45196 1 2 3 1 12 1
34345 1 1 4 1 12 1
10851 1 4 13 1
-57402 1 2 2 1 13 1
10851 1 1 3 1 13 1
-10851 1 3 14 1
46551 1 1 2 1 14 1
10851 1 2 15 1
-10851 1 1 16 1
