51090942171709440000
438670 1 18
-7896060 1 16 2 1
57777267 1 14 2 2
-219309258 1 12 2 3
452493579 1 10 2 4
-469145310 1 8 2 5
149571346 1 6 2 6
98819700 1 4 2 7
-67840935 1 2 2 8
7457390 2 9
6452877 1 15 3 1
-86010729 1 13 2 1 3 1
432077370 1 11 2 2 3 1
-988583265 1 9 2 3 3 1
907437354 1 7 2 4 3 1
47403546 1 5 2 5 3 1
-458688180 1 3 2 6 3 1
133508595 1 1 2 7 3 1
31082322 1 12 3 2
-269957091 1 10 2 1 3 2
734552446 1 8 2 2 3 2
-499758524 1 6 2 3 3 2
-516789908 1 4 2 4 3 2
525254775 1 2 2 5 3 2
-44019915 2 6 3 2
52725119 1 9 3 3
-209424548 1 7 2 1 3 3
13714172 1 5 2 2 3 3
450374322 1 3 2 3 3 3
-197437005 1 1 2 4 3 3
17134318 1 6 3 4
46884317 1 4 2 1 3 4
-133145150 1 2 2 2 3 4
19705650 2 3 3 4
-7068119 1 3 3 5
12629535 1 1 2 1 3 5
-223199 3 6
-6452877 1 14 4 1
80507472 1 12 2 1 4 1
-370367835 1 10 2 2 4 1
745310518 1 8 2 3 4 1
-531797462 1 6 2 4 4 1
-153975368 1 4 2 5 4 1
268898565 1 2 2 6 4 1
-45468765 2 7 4 1
-56661387 1 11 3 1 4 1
440934208 1 9 2 1 3 1 4 1
-998044652 1 7 2 2 3 1 4 1
329801792 1 5 2 3 3 1 4 1
881543447 1 3 2 4 3 1 4 1
-465845925 1 1 2 5 3 1 4 1
-120904918 1 8 3 2 4 1
355890264 1 6 2 1 3 2 4 1
263809182 1 4 2 2 3 2 4 1
-819379330 1 2 2 3 3 2 4 1
118614405 2 4 3 2 4 1
-23941385 1 5 3 3 4 1
-185154777 1 3 2 1 3 3 4 1
208927015 1 1 2 2 3 3 4 1
22081770 1 2 3 4 4 1
-11290341 2 1 3 4 4 1
26025451 1 10 4 2
-180944234 1 8 2 1 4 2
336888644 1 6 2 2 4 2
-12642082 1 4 2 3 4 2
-294670629 1 2 2 4 4 2
86850495 2 5 4 2
91250156 1 7 3 1 4 2
-179433467 1 5 2 1 3 1 4 2
-328597645 1 3 2 2 3 1 4 2
415014771 1 1 2 3 3 1 4 2
-1309109 1 4 3 2 4 2
202110971 1 2 2 1 3 2 4 2
-68786411 2 2 3 2 4 2
-19796061 1 1 3 3 4 2
-23070357 1 6 4 3
27203833 1 4 2 1 4 3
87092045 1 2 2 2 4 3
-56726710 2 3 4 3
11669019 1 3 3 1 4 3
-79516290 1 1 2 1 3 1 4 3
4782410 3 2 4 3
-3098705 1 2 4 4
9003585 2 1 4 4
5503257 1 13 5 1
-61709535 1 11 2 1 5 1
243272747 1 9 2 2 5 1
-375639892 1 7 2 3 5 1
106571822 1 5 2 4 5 1
189789615 1 3 2 5 5 1
-88039830 1 1 2 6 5 1
41880924 1 10 3 1 5 1
-269562794 1 8 2 1 3 1 5 1
412255816 1 6 2 2 3 1 5 1
170305256 1 4 2 3 3 1 5 1
-455848588 1 2 2 4 3 1 5 1
54916125 2 5 3 1 5 1
66634972 1 7 3 2 5 1
-90211823 1 5 2 1 3 2 5 1
-300155557 1 3 2 2 3 2 5 1
238470077 1 1 2 3 3 2 5 1
-6307645 1 4 3 3 5 1
98856747 1 2 2 1 3 3 5 1
-26192829 2 2 3 3 5 1
-6788025 1 1 3 4 5 1
-37270439 1 9 4 1 5 1
206086912 1 7 2 1 4 1 5 1
-216214693 1 5 2 2 4 1 5 1
-231227611 1 3 2 3 4 1 5 1
237228810 1 1 2 4 4 1 5 1
-89530278 1 6 3 1 4 1 5 1
9545089 1 4 2 1 3 1 4 1 5 1
450699305 1 2 2 2 3 1 4 1 5 1
-107261819 2 3 3 1 4 1 5 1
39556512 1 3 3 2 4 1 5 1
-136766079 1 1 2 1 3 2 4 1 5 1
5448831 3 3 4 1 5 1
28659224 1 5 4 2 5 1
34476235 1 3 2 1 4 2 5 1
-137572822 1 1 2 2 4 2 5 1
-38866321 1 2 3 1 4 2 5 1
33937130 2 1 3 1 4 2 5 1
9564820 1 1 4 3 5 1
12714638 1 8 5 2
-51680341 1 6 2 1 5 2
7347006 1 4 2 2 5 2
83684813 1 2 2 3 5 2
-15806456 2 4 5 2
17146212 1 5 3 1 5 2
41573514 1 3 2 1 3 1 5 2
-79076876 1 1 2 2 3 1 5 2
-14645170 1 2 3 2 5 2
9637434 2 1 3 2 5 2
-6973467 1 4 4 1 5 2
-43190113 1 2 2 1 4 1 5 2
20249143 2 2 4 1 5 2
16462127 1 1 3 1 4 1 5 2
-2342450 4 2 5 2
-637380 1 3 5 3
6442075 1 1 2 1 5 3
-879565 3 1 5 3
-5503257 1 12 6 1
57099050 1 10 2 1 6 1
-201497446 1 8 2 2 6 1
257459440 1 6 2 3 6 1
-18268887 1 4 2 4 6 1
-128815037 1 2 2 5 6 1
33123705 2 6 6 1
-37270439 1 9 3 1 6 1
205748408 1 7 2 1 3 1 6 1
-214739875 1 5 2 2 3 1 6 1
-231588079 1 3 2 3 3 1 6 1
235226533 1 1 2 4 3 1 6 1
-44595887 1 6 3 2 6 1
3925154 1 4 2 1 3 2 6 1
224796838 1 2 2 2 3 2 6 1
-52629771 2 3 3 2 6 1
13258825 1 3 3 3 6 1
-45069309 1 1 2 1 3 3 6 1
1339194 3 4 6 1
33541744 1 8 4 1 6 1
-158547816 1 6 2 1 4 1 6 1
104977357 1 4 2 2 4 1 6 1
188657910 1 2 2 3 4 1 6 1
-98354079 2 4 4 1 6 1
57053911 1 5 3 1 4 1 6 1
69586196 1 3 2 1 3 1 4 1 6 1
-272866879 1 1 2 2 3 1 4 1 6 1
-38869874 1 2 3 2 4 1 6 1
33270458 2 1 3 2 4 1 6 1
-18221942 1 4 4 2 6 1
-39144538 1 2 2 1 4 2 6 1
63137406 2 2 4 2 6 1
28463192 1 1 3 1 4 2 6 1
-4879920 4 3 6 1
-21700581 1 7 5 1 6 1
67687926 1 5 2 1 5 1 6 1
33205743 1 3 2 2 5 1 6 1
-105259542 1 1 2 3 5 1 6 1
-13682397 1 4 3 1 5 1 6 1
-86591468 1 2 2 1 3 1 5 1 6 1
39552865 2 2 3 1 5 1 6 1
16254438 1 1 3 2 5 1 6 1
1213228 1 3 4 1 5 1 6 1
66540916 1 1 2 1 4 1 5 1 6 1
-9138532 3 1 4 1 5 1 6 1
4208564 1 2 5 2 6 1
-5562510 2 1 5 2 6 1
9426838 1 6 6 2
-22381650 1 4 2 1 6 2
-20290678 1 2 2 2 6 2
24730434 2 3 6 2
547828 1 3 3 1 6 2
33017872 1 1 2 1 3 1 6 2
-2235860 3 2 6 2
1748596 1 2 4 1 6 2
-17421132 2 1 4 1 6 2
-4471720 1 1 5 1 6 2
900536 6 3
4610485 1 11 7 1
-41775301 1 9 2 1 7 1
118180452 1 7 2 2 7 1
-88302935 1 5 2 3 7 1
-60974578 1 3 2 4 7 1
54916125 1 1 2 5 7 1
25767780 1 8 3 1 7 1
-104835500 1 6 2 1 3 1 7 1
15054480 1 4 2 2 3 1 7 1
169371903 1 2 2 3 3 1 7 1
-31612912 2 4 3 1 7 1
17388462 1 5 3 2 7 1
42099681 1 3 2 1 3 2 7 1
-79575265 1 1 2 2 3 2 7 1
-9865084 1 2 3 3 7 1
6442075 2 1 3 3 7 1
-22039085 1 7 4 1 7 1
69162744 1 5 2 1 4 1 7 1
32845275 1 3 2 2 4 1 7 1
-107261819 1 1 2 3 4 1 7 1
-14166897 1 4 3 1 4 1 7 1
-87662213 1 2 2 1 3 1 4 1 7 1
40498286 2 2 3 1 4 1 7 1
16577761 1 1 3 2 4 1 7 1
725801 1 3 4 2 7 1
33937130 1 1 2 1 4 2 7 1
-4684900 3 1 4 2 7 1
13019650 1 6 5 1 7 1
-18577044 1 4 2 1 5 1 7 1
-48557195 1 2 2 2 5 1 7 1
16245809 2 3 5 1 7 1
-3909229 1 3 3 1 5 1 7 1
38922155 1 1 2 1 3 1 5 1 7 1
-2644186 3 2 5 1 7 1
8483666 1 2 4 1 5 1 7 1
-11435100 2 1 4 1 5 1 7 1
-2649677 1 1 5 2 7 1
-10172745 1 5 6 1 7 1
3547150 1 3 2 1 6 1 7 1
39552865 1 1 2 2 6 1 7 1
8601238 1 2 3 1 6 1 7 1
-11125020 2 1 3 1 6 1 7 1
-9138532 1 1 4 1 6 1 7 1
1770112 5 1 6 1 7 1
2116073 1 4 7 2
4672905 1 2 2 1 7 2
-3525618 2 2 7 2
-2672610 1 1 3 1 7 2
913480 4 1 7 2
-4610485 1 10 8 1
38046606 1 8 2 1 8 1
-92680441 1 6 2 2 8 1
46228343 1 4 2 3 8 1
51250152 1 2 2 4 8 1
-23303213 2 5 8 1
-22039085 1 7 3 1 8 1
68898207 1 5 2 1 3 1 8 1
33259038 1 3 2 2 3 1 8 1
-106265041 1 1 2 3 3 1 8 1
-6951180 1 4 3 2 8 1
-43922354 1 2 2 1 3 2 8 1
19750754 2 2 3 2 8 1
5448831 1 1 3 3 8 1
19192180 1 6 4 1 8 1
-45973581 1 4 2 1 4 1 8 1
-40616240 1 2 2 2 4 1 8 1
50517724 2 3 4 1 8 1
1315619 1 3 3 1 4 1 8 1
67270573 1 1 2 1 3 1 4 1 8 1
-4563775 3 2 4 1 8 1
1688195 1 2 4 2 8 1
-17817130 2 1 4 2 8 1
-10172745 1 5 5 1 8 1
3528739 1 3 2 1 5 1 8 1
39501508 1 1 2 2 5 1 8 1
8619649 1 2 3 1 5 1 8 1
-11073663 2 1 3 1 5 1 8 1
-9127550 1 1 4 1 5 1 8 1
879565 5 2 8 1
8218612 1 4 6 1 8 1
2236257 1 2 2 1 6 1 8 1
-21376609 2 2 6 1 8 1
-9070702 1 1 3 1 6 1 8 1
5541460 4 1 6 1 8 1
-2278013 1 3 7 1 8 1
-11073663 1 1 2 1 7 1 8 1
1759130 3 1 7 1 8 1
636750 1 2 8 2
3497005 2 1 8 2
3728695 1 9 9 1
-25500011 1 7 2 1 9 1
42074592 1 5 2 2 9 1
9724426 1 3 2 3 9 1
-31612912 1 1 2 4 9 1
13284187 1 6 3 1 9 1
-18990807 1 4 2 1 3 1 9 1
-49553973 1 2 2 2 3 1 9 1
16245809 2 3 3 1 9 1
-2002257 1 3 3 2 9 1
19647287 1 1 2 1 3 2 9 1
-885056 3 3 9 1
-10437282 1 5 4 1 9 1
3942502 1 3 2 1 4 1 9 1
40498286 1 1 2 2 4 1 9 1
8714934 1 2 3 1 4 1 9 1
-11435100 2 1 3 1 4 1 9 1
-4684900 1 1 4 2 9 1
4250557 1 4 5 1 9 1
9397167 1 2 2 1 5 1 9 1
-7051236 2 2 5 1 9 1
-5356202 1 1 3 1 5 1 9 1
1826960 4 1 5 1 9 1
-2296424 1 3 6 1 9 1
-11125020 1 1 2 1 6 1 9 1
1770112 3 1 6 1 9 1
-754617 1 2 7 1 9 1
2320523 2 1 7 1 9 1
1759130 1 1 8 1 9 1
-219335 9 2
-3728695 1 8 10 1
22653106 1 6 2 1 10 1
-29322711 1 4 2 2 10 1
-13552889 1 2 2 3 10 1
15367103 2 4 10 1
-10437282 1 5 3 1 10 1
3824930 1 3 2 1 3 1 10 1
40177224 1 1 2 2 3 1 10 1
4416253 1 2 3 2 10 1
-5557019 2 1 3 2 10 1
8483149 1 4 4 1 10 1
1958477 1 2 2 1 4 1 10 1
-22011950 2 2 4 1 10 1
-9301970 1 1 3 1 4 1 10 1
2857940 4 2 10 1
-2296424 1 3 5 1 10 1
-11114038 1 1 2 1 5 1 10 1
1759130 3 1 5 1 10 1
1291911 1 2 6 1 10 1
7034385 2 1 6 1 10 1
1759130 1 1 7 1 10 1
-1320460 8 1 10 1
2846905 1 7 11 1
-12751881 1 5 2 1 11 1
3828463 1 3 2 2 11 1
16245809 1 1 2 3 11 1
4368129 1 4 3 1 11 1
9718229 1 2 2 1 3 1 11 1
-7051236 2 2 3 1 11 1
-2712016 1 1 3 2 11 1
-2413996 1 3 4 1 11 1
-11435100 1 1 2 1 4 1 11 1
1826960 3 1 4 1 11 1
-765599 1 2 5 1 11 1
2320523 2 1 5 1 11 1
1770112 1 1 6 1 11 1
-438670 7 1 11 1
-2846905 1 6 12 1
10797748 1 4 2 1 12 1
-341480 1 2 2 2 12 1
-9194573 2 3 12 1
-2413996 1 3 3 1 12 1
-11378252 1 1 2 1 3 1 12 1
885056 3 2 12 1
1409483 1 2 4 1 12 1
7287617 2 1 4 1 12 1
1770112 1 1 5 1 12 1
-1331442 6 1 12 1
1954133 1 5 13 1
-3486983 1 3 2 1 13 1
-7051236 1 1 2 2 13 1
-822447 1 2 3 1 13 1
2320523 2 1 3 1 13 1
1826960 1 1 4 1 13 1
-438670 5 1 13 1
-1954133 1 4 14 1
2482470 1 2 2 1 14 1
4730713 2 2 14 1
1826960 1 1 3 1 14 1
-1388290 4 1 14 1
1004513 1 3 15 1
2320523 1 1 2 1 15 1
-438670 3 1 15 1
-1004513 1 2 16 1
-1881853 2 1 16 1
-438670 1 1 17 1
438670 18 1
