102181884343418880000
438670 1 17 2 1
-7457390 1 15 2 2
52201730 1 13 2 3
-193892140 1 11 2 4
410156450 1 9 2 5
-492187740 1 7 2 6
313210380 1 5 2 7
-89488680 1 3 2 8
7457390 1 1 2 9
-438670 1 16 3 1
13032927 1 14 2 1 3 1
-122363188 1 12 2 2 3 1
534524869 1 10 2 3 3 1
-1207426920 1 8 2 4 3 1
1402412866 1 6 2 5 3 1
-751322760 1 4 2 6 3 1
133508595 1 2 2 7 3 1
-5575537 1 13 3 2
92851899 1 11 2 1 3 2
-528822135 1 9 2 2 3 2
1326753580 1 7 2 3 3 2
-1481755182 1 5 2 4 3 2
615843735 1 3 2 5 3 2
-44019915 1 1 2 6 3 2
-22690441 1 10 3 3
220443650 1 8 2 1 3 3
-668055532 1 6 2 2 3 3
713902650 1 4 2 3 3 3
-197437005 1 2 2 4 3 3
-32254244 1 7 3 4
150142857 1 5 2 1 3 4
-154778930 1 3 2 2 3 4
19705650 1 1 2 3 3 4
-11570435 1 4 3 5
12629535 1 2 2 1 3 5
-223199 1 1 3 6
438670 1 15 4 1
-12594257 1 13 2 1 4 1
111157221 1 11 2 2 4 1
-446480005 1 9 2 3 4 1
901281224 1 7 2 4 4 1
-895626726 1 5 2 5 4 1
380355225 1 3 2 6 4 1
-45468765 1 1 2 7 4 1
10712404 1 12 3 1 4 1
-165612387 1 10 2 1 3 1 4 1
852359971 1 8 2 2 3 1 4 1
-1855846260 1 6 2 3 3 1 4 1
1671059377 1 4 2 4 3 1 4 1
-465845925 1 2 2 5 3 1 4 1
59185879 1 9 3 2 4 1
-507845708 1 7 2 1 3 2 4 1
1279767986 1 5 2 2 3 2 4 1
-996372538 1 3 2 3 3 2 4 1
118614405 1 1 2 4 3 2 4 1
92771169 1 6 3 3 4 1
-336419933 1 4 2 1 3 3 4 1
208927015 1 2 2 2 3 3 4 1
26584086 1 3 3 4 4 1
-11290341 1 1 2 1 3 4 4 1
-5136867 1 11 4 2
73645544 1 9 2 1 4 2
-341193844 1 7 2 2 4 2
640241618 1 5 2 3 4 2
-460388895 1 3 2 4 4 2
86850495 1 1 2 5 4 2
-51185491 1 8 3 1 4 2
384115463 1 6 2 1 3 1 4 2
-787080565 1 4 2 2 3 1 4 2
415014771 1 2 2 3 3 1 4 2
-96887032 1 5 3 2 4 2
258128975 1 3 2 1 3 2 4 2
-68786411 1 1 2 2 3 2 4 2
-19796061 1 2 3 3 4 2
14690053 1 7 4 3
-95828349 1 5 2 1 4 3
158120429 1 3 2 2 4 3
-56726710 1 1 2 3 4 3
43592477 1 4 3 1 4 3
-79516290 1 2 2 1 3 1 4 3
4782410 1 1 3 2 4 3
-7222370 1 3 4 4
9003585 1 1 2 1 4 4
-438670 1 14 5 1
11205967 1 12 2 1 5 1
-88044864 1 10 2 2 5 1
306145696 1 8 2 3 5 1
-506786140 1 6 2 4 5 1
370967535 1 4 2 5 5 1
-88039830 1 2 2 6 5 1
-9324114 1 11 3 1 5 1
126675290 1 9 2 1 3 1 5 1
-551306536 1 7 2 2 3 1 5 1
940622636 1 5 2 3 3 1 5 1
-559941570 1 3 2 4 3 1 5 1
54916125 1 1 2 5 3 1 5 1
-43361139 1 8 3 2 5 1
304729815 1 6 2 1 3 2 5 1
-562492205 1 4 2 2 3 2 5 1
238470077 1 2 2 3 3 2 5 1
-50374402 1 5 3 3 5 1
120076631 1 3 2 1 3 3 5 1
-26192829 1 1 2 2 3 3 5 1
-6788025 1 2 3 4 5 1
8885444 1 10 4 1 5 1
-110180951 1 8 2 1 4 1 5 1
420405235 1 6 2 2 4 1 5 1
-585214027 1 4 2 3 4 1 5 1
237228810 1 2 2 4 4 1 5 1
72548462 1 7 3 1 4 1 5 1
-428706004 1 5 2 1 3 1 4 1 5 1
584061065 1 3 2 2 3 1 4 1 5 1
-107261819 1 1 2 3 3 1 4 1 5 1
94219645 1 4 3 2 4 1 5 1
-136766079 1 2 2 1 3 2 4 1 5 1
5448831 1 1 3 3 4 1 5 1
-30072379 1 6 4 2 5 1
146512243 1 4 2 1 4 2 5 1
-137572822 1 2 2 2 4 2 5 1
-54295119 1 3 3 1 4 2 5 1
33937130 1 1 2 1 3 1 4 2 5 1
9564820 1 2 4 3 5 1
-3748577 1 9 5 2
39393347 1 7 2 1 5 2
-118695631 1 5 2 2 5 2
110415685 1 3 2 3 5 2
-15806456 1 1 2 4 5 2
-24220911 1 6 3 1 5 2
105741891 1 4 2 1 3 1 5 2
-79076876 1 2 2 2 3 1 5 2
-18999723 1 3 3 2 5 2
9637434 1 1 2 1 3 2 5 2
18932539 1 5 4 1 5 2
-62005889 1 3 2 1 4 1 5 2
20249143 1 1 2 2 4 1 5 2
16462127 1 2 3 1 4 1 5 2
-2342450 1 1 4 2 5 2
-3550213 1 4 5 3
6442075 1 2 2 1 5 3
-879565 1 1 3 1 5 3
438670 1 13 6 1
-10767297 1 11 2 1 6 1
78609009 1 9 2 2 6 1
-246354364 1 7 2 3 6 1
351828351 1 5 2 4 6 1
-205899975 1 3 2 5 6 1
33123705 1 1 2 6 6 1
8885444 1 10 3 1 6 1
-110124103 1 8 2 1 3 1 6 1
419668795 1 6 2 2 3 1 6 1
-582843207 1 4 2 3 3 1 6 1
235226533 1 2 2 4 3 1 6 1
36245807 1 7 3 2 6 1
-213777093 1 5 2 1 3 2 6 1
290112074 1 3 2 2 3 2 6 1
-52629771 1 1 2 3 3 2 6 1
31268089 1 4 3 3 6 1
-45069309 1 2 2 1 3 3 6 1
1339194 1 1 3 4 6 1
-8446774 1 9 4 1 6 1
95388894 1 7 2 1 4 1 6 1
-316906756 1 5 2 2 4 1 6 1
355820822 1 3 2 3 4 1 6 1
-98354079 1 1 2 4 4 1 6 1
-60076928 1 6 3 1 4 1 6 1
292005421 1 4 2 1 3 1 4 1 6 1
-272866879 1 2 2 2 3 1 4 1 6 1
-53966305 1 3 3 2 4 1 6 1
33270458 1 1 2 1 3 2 4 1 6 1
24716177 1 5 4 2 6 1
-98120196 1 3 2 1 4 2 6 1
63137406 1 1 2 2 4 2 6 1
28463192 1 2 3 1 4 2 6 1
-4879920 1 1 4 3 6 1
7058484 1 8 5 1 6 1
-65821597 1 6 2 1 5 1 6 1
163836215 1 4 2 2 5 1 6 1
-105259542 1 2 2 3 5 1 6 1
37797248 1 5 3 1 5 1 6 1
-123234963 1 3 2 1 3 1 5 1 6 1
39552865 1 1 2 2 3 1 5 1 6 1
16254438 1 2 3 2 5 1 6 1
-28979634 1 4 4 1 5 1 6 1
66540916 1 2 2 1 4 1 5 1 6 1
-9138532 1 1 3 1 4 1 5 1 6 1
7121397 1 3 5 2 6 1
-5562510 1 1 2 1 5 2 6 1
-3309907 1 7 6 2
27307815 1 5 2 1 6 2
-55684239 1 3 2 2 6 2
24730434 1 1 2 3 6 2
-14455902 1 4 3 1 6 2
33017872 1 2 2 1 3 1 6 2
-2235860 1 1 3 2 6 2
10926660 1 3 4 1 6 2
-17421132 1 1 2 1 4 1 6 2
-4471720 1 2 5 1 6 2
900536 1 1 6 3
-438670 1 12 7 1
9435855 1 10 2 1 7 1
-59791332 1 8 2 2 7 1
154957789 1 6 2 3 7 1
-165067560 1 4 2 4 7 1
54916125 1 2 2 5 7 1
-7554002 1 9 3 1 7 1
79523134 1 7 2 1 3 1 7 1
-239762082 1 5 2 2 3 1 7 1
222833647 1 3 2 3 3 1 7 1
-31612912 1 1 2 4 3 1 7 1
-24462515 1 6 3 2 7 1
106776783 1 4 2 1 3 2 7 1
-79575265 1 2 2 2 3 2 7 1
-12777917 1 3 3 3 7 1
6442075 1 1 2 1 3 3 7 1
7115332 1 8 4 1 7 1
-66558037 1 6 2 1 4 1 7 1
166207035 1 4 2 2 4 1 7 1
-107261819 1 2 2 3 4 1 7 1
38280456 1 5 3 1 4 1 7 1
-125293765 1 3 2 1 3 1 4 1 7 1
40498286 1 1 2 2 3 1 4 1 7 1
16577761 1 2 3 2 4 1 7 1
-14702997 1 4 4 2 7 1
33937130 1 2 2 1 4 2 7 1
-4684900 1 1 3 1 4 2 7 1
-5727042 1 7 5 1 7 1
42532200 1 5 2 1 5 1 7 1
-71757050 1 3 2 2 5 1 7 1
16245809 1 1 2 3 5 1 7 1
-21542236 1 4 3 1 5 1 7 1
38922155 1 2 2 1 3 1 5 1 7 1
-2644186 1 1 3 2 5 1 7 1
14494734 1 3 4 1 5 1 7 1
-11435100 1 1 2 1 4 1 5 1 7 1
-2649677 1 2 5 2 7 1
5288372 1 6 6 1 7 1
-33096345 1 4 2 1 6 1 7 1
39552865 1 2 2 2 6 1 7 1
14426904 1 3 3 1 6 1 7 1
-11125020 1 1 2 1 3 1 6 1 7 1
-9138532 1 2 4 1 6 1 7 1
1770112 1 1 5 1 6 1 7 1
-1978465 1 5 7 2
8490138 1 3 2 1 7 2
-3525618 1 1 2 2 7 2
-2672610 1 2 3 1 7 2
913480 1 1 4 1 7 2
438670 1 11 8 1
-8997185 1 9 2 1 8 1
52114607 1 7 2 2 8 1
-118017347 1 5 2 3 8 1
101881390 1 3 2 4 8 1
-23303213 1 1 2 5 8 1
7115332 1 8 3 1 8 1
-66490207 1 6 2 1 3 1 8 1
165603348 1 4 2 2 3 1 8 1
-106265041 1 2 2 3 3 1 8 1
19106313 1 5 3 2 8 1
-62229405 1 3 2 1 3 2 8 1
19750754 1 1 2 2 3 2 8 1
5448831 1 2 3 3 8 1
-6676662 1 7 4 1 8 1
55284240 1 5 2 1 4 1 8 1
-113146593 1 3 2 2 4 1 8 1
50517724 1 1 2 3 4 1 8 1
-29327182 1 4 3 1 4 1 8 1
67270573 1 2 2 1 3 1 4 1 8 1
-4563775 1 1 3 2 4 1 8 1
11105925 1 3 4 2 8 1
-17817130 1 1 2 1 4 2 8 1
5288372 1 6 5 1 8 1
-33085363 1 4 2 1 5 1 8 1
39501508 1 2 2 2 5 1 8 1
14415922 1 3 3 1 5 1 8 1
-11073663 1 1 2 1 3 1 5 1 8 1
-9127550 1 2 4 1 5 1 8 1
879565 1 1 5 2 8 1
-4849702 1 5 6 1 8 1
25419620 1 3 2 1 6 1 8 1
-21376609 1 1 2 2 6 1 8 1
-9070702 1 2 3 1 6 1 8 1
5541460 1 1 4 1 6 1 8 1
3518260 1 4 7 1 8 1
-11073663 1 2 2 1 7 1 8 1
1759130 1 1 3 1 7 1 8 1
-1539795 1 3 8 2
3497005 1 1 2 1 8 2
-438670 1 10 9 1
7676725 1 8 2 1 9 1
-36940442 1 6 2 2 9 1
63186170 1 4 2 3 9 1
-31612912 1 2 2 4 9 1
-5794872 1 7 3 1 9 1
43135887 1 5 2 1 3 1 9 1
-72753828 1 3 2 2 3 1 9 1
16245809 1 1 2 3 3 1 9 1
-10926158 1 4 3 2 9 1
19647287 1 2 2 1 3 2 9 1
-885056 1 1 3 3 9 1
5356202 1 6 4 1 9 1
-33689050 1 4 2 1 4 1 9 1
40498286 1 2 2 2 4 1 9 1
14726002 1 3 3 1 4 1 9 1
-11435100 1 1 2 1 3 1 4 1 9 1
-4684900 1 2 4 2 9 1
-3967912 1 5 5 1 9 1
17031633 1 3 2 1 5 1 9 1
-7051236 1 1 2 2 5 1 9 1
-5356202 1 2 3 1 5 1 9 1
1826960 1 1 4 1 5 1 9 1
3529242 1 4 6 1 9 1
-11125020 1 2 2 1 6 1 9 1
1770112 1 1 3 1 6 1 9 1
-2197800 1 3 7 1 9 1
2320523 1 1 2 1 7 1 9 1
1759130 1 2 8 1 9 1
-219335 1 1 9 2
438670 1 9 10 1
-7238055 1 7 2 1 10 1
31022847 1 5 2 2 10 1
-43814778 1 3 2 3 10 1
15367103 1 1 2 4 10 1
5356202 1 6 3 1 10 1
-33621220 1 4 2 1 3 1 10 1
40177224 1 2 2 2 3 1 10 1
7329086 1 3 3 2 10 1
-5557019 1 1 2 1 3 2 10 1
-4917532 1 5 4 1 10 1
25944495 1 3 2 1 4 1 10 1
-22011950 1 1 2 2 4 1 10 1
-9301970 1 2 3 1 4 1 10 1
2857940 1 1 4 2 10 1
3529242 1 4 5 1 10 1
-11114038 1 2 2 1 5 1 10 1
1759130 1 1 3 1 5 1 10 1
-3090572 1 3 6 1 10 1
7034385 1 1 2 1 6 1 10 1
1759130 1 2 7 1 10 1
-1320460 1 1 8 1 10 1
-438670 1 8 11 1
5917595 1 6 2 1 11 1
-19371392 1 4 2 2 11 1
16245809 1 2 2 3 11 1
-4035742 1 5 3 1 11 1
17352695 1 3 2 1 3 1 11 1
-7051236 1 1 2 2 3 1 11 1
-2712016 1 2 3 2 11 1
3597072 1 4 4 1 11 1
-11435100 1 2 2 1 4 1 11 1
1826960 1 1 3 1 4 1 11 1
-2208782 1 3 5 1 11 1
2320523 1 1 2 1 5 1 11 1
1770112 1 2 6 1 11 1
-438670 1 1 7 1 11 1
438670 1 7 12 1
-5478925 1 5 2 1 12 1
15223909 1 3 2 2 12 1
-9194573 1 1 2 3 12 1
3597072 1 4 3 1 12 1
-11378252 1 2 2 1 3 1 12 1
885056 1 1 3 2 12 1
-3158402 1 3 4 1 12 1
7287617 1 1 2 1 4 1 12 1
1770112 1 2 5 1 12 1
-1331442 1 1 6 1 12 1
-438670 1 6 13 1
4147483 1 4 2 1 13 1
-7051236 1 2 2 2 13 1
-2265630 1 3 3 1 13 1
2320523 1 1 2 1 3 1 13 1
1826960 1 2 4 1 13 1
-438670 1 1 5 1 13 1
438670 1 5 14 1
-3708813 1 3 2 1 14 1
4730713 1 1 2 2 14 1
1826960 1 2 3 1 14 1
-1388290 1 1 4 1 14 1
-438670 1 4 15 1
2320523 1 2 2 1 15 1
-438670 1 1 3 1 15 1
438670 1 3 16 1
-1881853 1 1 2 1 16 1
-438670 1 2 17 1
438670 1 1 18 1
