33720021833328230400000
-7333662 1 20
146673240 1 18 2 1
-1222595690 1 16 2 2
5480900000 1 14 2 3
-14159013637 1 12 2 4
20680831292 1 10 2 5
-14665515678 1 8 2 6
1250242224 1 6 2 7
4036409553 1 4 2 8
-1679937220 1 2 2 9
139339578 2 10
-122546390 1 17 3 1
1888361690 1 15 2 1 3 1
-11483260002 1 13 2 2 3 1
34511804084 1 11 2 3 3 1
-51139404602 1 9 2 4 3 1
27361452756 1 7 2 5 3 1
11886982932 1 5 2 6 3 1
-15791835432 1 3 2 7 3 1
3196948010 1 1 2 8 3 1
-713391039 1 14 3 2
7747400240 1 12 2 1 3 2
-29749009059 1 10 2 2 3 2
44696643288 1 8 2 3 3 2
-9520844762 1 6 2 4 3 2
-30897982272 1 4 2 5 3 2
17818802423 1 2 2 6 3 2
-1106854340 2 7 3 2
-1670427238 1 11 3 3
10554337178 1 9 2 1 3 3
-15889368352 1 7 2 2 3 3
-8926170840 1 5 2 3 3 3
25405512478 1 3 2 4 3 3
-7115905482 1 1 2 5 3 3
-1261233732 1 8 3 4
1711513352 1 6 2 1 3 4
7019510993 1 4 2 2 3 4
-8484109472 1 2 2 3 3 4
814403743 2 4 3 4
72053522 1 5 3 5
-1521887194 1 3 2 1 3 5
1067912094 1 1 2 2 3 5
91416607 1 2 3 6
-34564184 2 1 3 6
122546390 1 16 4 1
-1781690313 1 14 2 1 4 1
10062241274 1 12 2 2 4 1
-27377605013 1 10 2 3 4 1
34828649262 1 8 2 4 4 1
-12412254470 1 6 2 5 4 1
-11064357492 1 4 2 6 4 1
8191235545 1 2 2 7 4 1
-983239330 2 8 4 1
1320110701 1 13 3 1 4 1
-13138939713 1 11 2 1 3 1 4 1
44481496917 1 9 2 2 3 1 4 1
-52907321500 1 7 2 3 3 1 4 1
-6096112578 1 5 2 4 3 1 4 1
42076793391 1 3 2 5 3 1 4 1
-13805193995 1 1 2 6 3 1 4 1
4076439675 1 10 3 2 4 1
-21792160720 1 8 2 1 3 2 4 1
20928874796 1 6 2 2 3 2 4 1
32724697566 1 4 2 3 3 2 4 1
-39277677961 1 2 2 4 3 2 4 1
3858290510 2 5 3 2 4 1
3056406244 1 7 3 3 4 1
105201697 1 5 2 1 3 3 4 1
-20554803036 1 3 2 2 3 3 4 1
11622475752 1 1 2 3 3 3 4 1
-747502191 1 4 3 4 4 1
3965211027 1 2 2 1 3 4 4 1
-860526990 2 2 3 4 4 1
-185096865 1 1 3 5 4 1
-614180962 1 12 4 2
5587746450 1 10 2 1 4 2
-16579255770 1 8 2 2 4 2
15108510184 1 6 2 3 4 2
6623383294 1 4 2 4 4 2
-12155015200 1 2 2 5 4 2
2310009215 2 6 4 2
-3298522645 1 9 3 1 4 2
14578924352 1 7 2 1 3 1 4 2
-6125387593 1 5 2 2 3 1 4 2
-27082458402 1 3 2 3 3 1 4 2
17063725765 1 1 2 4 3 1 4 2
-2531704524 1 6 3 2 4 2
-4416118102 1 4 2 1 3 2 4 2
18292260775 1 2 2 2 3 2 4 2
-3433545280 2 3 3 2 4 2
1413265460 1 3 3 3 4 2
-3049036110 1 1 2 1 3 3 4 2
81404313 3 4 4 2
892510208 1 8 4 3
-3215038451 1 6 2 1 4 3
-137865340 1 4 2 2 4 3
5927292130 1 2 2 3 4 3
-2080134410 2 4 4 3
813062885 1 5 3 1 4 3
3417433660 1 3 2 1 3 1 4 3
-6026863210 1 1 2 2 3 1 4 3
-998427920 1 2 3 2 4 3
657079708 2 1 3 2 4 3
-84024150 1 4 4 4
-661995140 1 2 2 1 4 4
604757341 2 2 4 4
285907707 1 1 3 1 4 4
-25296578 4 5
-106671377 1 15 5 1
1421018728 1 13 2 1 5 1
-7134199071 1 11 2 2 5 1
16310755340 1 9 2 3 5 1
-14949198286 1 7 2 4 5 1
-822625440 1 5 2 5 5 1
7600599887 1 3 2 6 5 1
-2213708680 1 1 2 7 5 1
-1026590816 1 12 3 1 5 1
8910926904 1 10 2 1 3 1 5 1
-24229279558 1 8 2 2 3 1 5 1
16446297952 1 6 2 3 3 1 5 1
17125231420 1 4 2 4 3 1 5 1
-17398407506 1 2 2 5 3 1 5 1
1468594545 2 6 3 1 5 1
-2609520705 1 9 3 2 5 1
10357926912 1 7 2 1 3 2 5 1
-650453689 1 5 2 2 3 2 5 1
-22360221278 1 3 2 3 3 2 5 1
9840401411 1 1 2 4 3 2 5 1
-1129393472 1 6 3 3 5 1
-3103446390 1 4 2 1 3 3 5 1
8824573669 1 2 2 2 3 3 5 1
-1313277232 2 3 3 3 5 1
584641007 1 3 3 4 5 1
-1048717794 1 1 2 1 3 4 5 1
22288239 3 5 5 1
934842039 1 11 4 1 5 1
-7268915555 1 9 2 1 4 1 5 1
16432606996 1 7 2 2 4 1 5 1
-5379339717 1 5 2 3 4 1 5 1
-14600166449 1 3 2 4 4 1 5 1
7716581020 1 1 2 5 4 1 5 1
3984642814 1 8 3 1 4 1 5 1
-11714119482 1 6 2 1 3 1 4 1 5 1
-8748147830 1 4 2 2 3 1 4 1 5 1
27103511421 1 2 2 3 3 1 4 1 5 1
-3956231975 2 4 3 1 4 1 5 1
1180796311 1 5 3 2 4 1 5 1
9179134373 1 3 2 1 3 2 4 1 5 1
-10405945565 1 1 2 2 3 2 4 1 5 1
-1461826575 1 2 3 3 4 1 5 1
752179734 2 1 3 3 4 1 5 1
-1501184468 1 7 4 2 5 1
2941220916 1 5 2 1 4 2 5 1
5442022095 1 3 2 2 4 2 5 1
-6867090560 1 1 2 3 4 2 5 1
46107220 1 4 3 1 4 2 5 1
-6673926010 1 2 2 1 3 1 4 2 5 1
2293674430 2 2 3 1 4 2 5 1
985242954 1 1 3 2 4 2 5 1
-193599310 1 3 4 3 5 1
1314159416 1 1 2 1 4 3 5 1
-159424817 3 1 4 3 5 1
-345212307 1 10 5 2
2220201290 1 8 2 1 5 2
-3391547189 1 6 2 2 5 2
-1411004490 1 4 2 3 5 2
3767123613 1 2 2 4 5 2
-458737105 2 5 5 2
-1097292804 1 7 3 1 5 2
1483363152 1 5 2 1 3 1 5 2
4957079870 1 3 2 2 3 1 5 2
-3959951461 1 1 2 3 3 1 5 2
156348775 1 4 3 2 5 2
-2453241617 1 2 2 1 3 2 5 2
654793911 2 2 3 2 5 2
225326037 1 1 3 3 5 2
736010947 1 6 4 1 5 2
-76170165 1 4 2 1 4 1 5 2
-3716707040 1 2 2 2 4 1 5 2
895938452 2 3 4 1 5 2
-651608555 1 3 3 1 4 1 5 2
2269392322 1 1 2 1 3 1 4 1 5 2
-136173081 3 2 4 1 5 2
319587578 1 2 4 2 5 2
-283449991 2 1 4 2 5 2
-93974017 1 5 5 3
-227998285 1 3 2 1 5 3
437458545 1 1 2 2 5 3
161152735 1 2 3 1 5 3
-107137961 2 1 3 1 5 3
-90994911 1 1 4 1 5 3
3670478 5 4
106671377 1 14 6 1
-1329269951 1 12 2 1 6 1
6105594297 1 10 2 2 6 1
-12256685518 1 8 2 3 6 1
8691504150 1 6 2 4 6 1
2593939733 1 4 2 5 6 1
-4434003345 1 2 2 6 6 1
745114135 2 7 6 1
934842039 1 11 3 1 6 1
-7261330109 1 9 2 1 3 1 6 1
16381303348 1 7 2 2 3 1 6 1
-5295731357 1 5 2 3 3 1 6 1
-14578638195 1 3 2 4 3 1 6 1
7649024525 1 1 2 5 3 1 6 1
1988528684 1 8 3 2 6 1
-5821861633 1 6 2 1 3 2 6 1
-4419794546 1 4 2 2 3 2 6 1
13489388467 1 2 2 3 3 2 6 1
-1944337740 2 4 3 2 6 1
387234581 1 5 3 3 6 1
3059583936 1 3 2 1 3 3 6 1
-3430315686 1 1 2 2 3 3 6 1
-363402777 1 2 3 4 6 1
185096865 2 1 3 4 6 1
-857824000 1 10 4 1 6 1
5950123694 1 8 2 1 4 1 6 1
-11026152186 1 6 2 2 4 1 6 1
307206736 1 4 2 3 4 1 6 1
9722589250 1 2 2 4 4 1 6 1
-2842874835 2 5 4 1 6 1
-2995572256 1 7 3 1 4 1 6 1
5833761134 1 5 2 1 3 1 4 1 6 1
10895660106 1 3 2 2 3 1 4 1 6 1
-13614319905 1 1 2 3 3 1 4 1 6 1
58213507 1 4 3 2 4 1 6 1
-6652100045 1 2 2 1 3 2 4 1 6 1
2252469681 2 2 3 2 4 1 6 1
649392549 1 1 3 3 4 1 6 1
1133105931 1 6 4 2 6 1
-1309395565 1 4 2 1 4 2 6 1
-4316970145 1 2 2 2 4 2 6 1
2781539226 2 3 4 2 6 1
-585182465 1 3 3 1 4 2 6 1
3908380810 1 1 2 1 3 1 4 2 6 1
-234622341 3 2 4 2 6 1
205658658 1 2 4 3 6 1
-587834617 2 1 4 3 6 1
613406575 1 9 5 1 6 1
-3381320883 1 7 2 1 5 1 6 1
3514154337 1 5 2 2 5 1 6 1
3837031663 1 3 2 3 5 1 6 1
-3888675480 1 1 2 4 5 1 6 1
1465225214 1 6 3 1 5 1 6 1
-120090870 1 4 2 1 3 1 5 1 6 1
-7415879493 1 2 2 2 3 1 5 1 6 1
1754425187 2 3 3 1 5 1 6 1
-655499223 1 3 3 2 5 1 6 1
2241701589 1 1 2 1 3 2 5 1 6 1
-89152956 3 3 5 1 6 1
-934104531 1 5 4 1 5 1 6 1
-1157273535 1 3 2 1 4 1 5 1 6 1
4504939362 1 1 2 2 4 1 5 1 6 1
1279050937 1 2 3 1 4 1 5 1 6 1
-1108732295 2 1 3 1 4 1 5 1 6 1
-469244682 1 1 4 2 5 1 6 1
112083225 1 4 5 2 6 1
710867405 1 2 2 1 5 2 6 1
-330320584 2 2 5 2 6 1
-269300823 1 1 3 1 5 2 6 1
76312999 4 1 5 2 6 1
-275542518 1 8 6 2
1296923632 1 6 2 1 6 2
-842494712 1 4 2 2 6 2
-1559583385 1 2 2 3 6 2
802929150 2 4 6 2
-464756486 1 5 3 1 6 2
-583922311 1 3 2 1 3 1 6 2
2233546593 1 1 2 2 3 1 6 2
319703231 1 2 3 2 6 2
-271784219 2 1 3 2 6 2
294917660 1 4 4 1 6 2
650942146 1 2 2 1 4 1 6 2
-1029336987 2 2 4 1 6 2
-465396365 1 1 3 1 4 1 6 2
119158221 4 2 6 2
-7979725 1 3 5 1 6 2
-543568438 1 1 2 1 5 1 6 2
74453925 3 1 5 1 6 2
-10129483 1 2 6 3
94393481 2 1 6 3
-91748777 1 13 7 1
1028604774 1 11 2 1 7 1
-4054069822 1 9 2 2 7 1
6257694136 1 7 2 3 7 1
-1771314293 1 5 2 4 7 1
-3166596542 1 3 2 5 7 1
1468594545 1 1 2 6 7 1
-698010060 1 10 3 1 7 1
4491706228 1 8 2 1 3 1 7 1
-6866702738 1 6 2 2 3 1 7 1
-2843537234 1 4 2 3 3 1 7 1
7601803721 1 2 2 4 3 1 7 1
-917474210 2 5 3 1 7 1
-1110237428 1 7 3 2 7 1
1502073668 1 5 2 1 3 2 7 1
5005093079 1 3 2 2 3 2 7 1
-3980071226 1 1 2 3 3 2 7 1
105264337 1 4 3 3 7 1
-1648845268 1 2 2 1 3 3 7 1
437458545 2 2 3 3 7 1
113283150 1 1 3 4 7 1
620992021 1 9 4 1 7 1
-3432624531 1 7 2 1 4 1 7 1
3597762697 1 5 2 2 4 1 7 1
3858559917 1 3 2 3 4 1 7 1
-3956231975 1 1 2 4 4 1 7 1
1491114462 1 6 3 1 4 1 7 1
-156776431 1 4 2 1 3 1 4 1 7 1
-7513035765 1 2 2 2 3 1 4 1 7 1
1791876904 2 3 3 1 4 1 7 1
-659330155 1 3 3 2 4 1 7 1
2282245442 1 1 2 1 3 2 4 1 7 1
-90994911 3 3 4 1 7 1
-476966285 1 5 4 2 7 1
-575853790 1 3 2 1 4 2 7 1
2293674430 1 1 2 2 4 2 7 1
647566354 1 2 3 1 4 2 7 1
-566899982 2 1 3 1 4 2 7 1
-159424817 1 1 4 3 7 1
-423603396 1 8 5 1 7 1
1721301524 1 6 2 1 5 1 7 1
-243810905 1 4 2 2 5 1 7 1
-2789171236 1 2 2 3 5 1 7 1
528391993 2 4 5 1 7 1
-571096991 1 5 3 1 5 1 7 1
-1385529826 1 3 2 1 3 1 5 1 7 1
2639270424 1 1 2 2 3 1 5 1 7 1
488320951 1 2 3 2 5 1 7 1
-321941988 2 1 3 2 5 1 7 1
232154810 1 4 4 1 5 1 7 1
1438522982 1 2 2 1 4 1 5 1 7 1
-676891925 2 2 4 1 5 1 7 1
-549343619 1 1 3 1 4 1 5 1 7 1
78302242 4 2 5 1 7 1
31789650 1 3 5 2 7 1
-322470093 1 1 2 1 5 2 7 1
44079974 3 1 5 2 7 1
361281857 1 7 6 1 7 1
-1126006407 1 5 2 1 6 1 7 1
-555248121 1 3 2 2 6 1 7 1
1754425187 1 1 2 3 6 1 7 1
227563251 1 4 3 1 6 1 7 1
1442274019 1 2 2 1 3 1 6 1 7 1
-660641168 2 2 3 1 6 1 7 1
-271142778 1 1 3 2 6 1 7 1
-19734161 1 3 4 1 6 1 7 1
-1108732295 1 1 2 1 4 1 6 1 7 1
152625998 3 1 4 1 6 1 7 1
-139937738 1 2 5 1 6 1 7 1
185934070 2 1 5 1 6 1 7 1
74453925 1 1 6 2 7 1
-108347078 1 6 7 2
154532388 1 4 2 1 7 2
404071691 1 2 2 2 7 2
-135789138 2 3 7 2
32510092 1 3 3 1 7 2
-324649583 1 1 2 1 3 1 7 2
22079393 3 2 7 2
-70500356 1 2 4 1 7 2
95578699 2 1 4 1 7 2
44193024 1 1 5 1 7 2
-14794962 6 1 7 2
91748777 1 12 8 1
-951586735 1 10 2 1 8 1
3356269982 1 8 2 2 8 1
-4283863857 1 6 2 3 8 1
296944009 1 4 2 4 8 1
2147579260 1 2 2 5 8 1
-551120335 2 6 8 1
620992021 1 9 3 1 8 1
-3425827851 1 7 2 1 3 1 8 1
3568174567 1 5 2 2 3 1 8 1
3865739732 1 3 2 3 3 1 8 1
-3915992445 1 1 2 4 3 1 8 1
742158891 1 6 3 2 8 1
-61401883 1 4 2 1 3 2 8 1
-3745412715 1 2 2 2 3 2 8 1
875818687 2 3 3 2 8 1
-221238230 1 3 3 3 8 1
750337779 1 1 2 1 3 3 8 1
-22288239 3 4 8 1
-558670482 1 8 4 1 8 1
2638354232 1 6 2 1 4 1 8 1
-1739745125 1 4 2 2 4 1 8 1
-3146744985 1 2 2 3 4 1 8 1
1635963078 2 4 4 1 8 1
-948605540 1 5 3 1 4 1 8 1
-1164396255 1 3 2 1 3 1 4 1 8 1
4541547840 1 1 2 2 3 1 4 1 8 1
647621929 1 2 3 2 4 1 8 1
-553518757 2 1 3 2 4 1 8 1
302535900 1 4 4 2 8 1
653749624 1 2 2 1 4 2 8 1
-1049882523 2 2 4 2 8 1
-473623156 1 1 3 1 4 2 8 1
81122575 4 3 8 1
361281857 1 7 5 1 8 1
-1125270936 1 5 2 1 5 1 8 1
-556377975 1 3 2 2 5 1 8 1
1751637374 1 1 2 3 5 1 8 1
226827780 1 4 3 1 5 1 8 1
1442765302 1 2 2 1 3 1 5 1 8 1
-657853355 2 2 3 1 5 1 8 1
-270504207 1 1 3 2 5 1 8 1
-19356251 1 3 4 1 5 1 8 1
-1107037514 1 1 2 1 4 1 5 1 8 1
151953189 3 1 4 1 5 1 8 1
-70157824 1 2 5 2 8 1
92456049 2 1 5 2 8 1
-313691056 1 6 6 1 8 1
743003325 1 4 2 1 6 1 8 1
678274126 1 2 2 2 6 1 8 1
-822205743 2 3 6 1 8 1
-17373886 1 3 3 1 6 1 8 1
-1098576985 1 1 2 1 3 1 6 1 8 1
74357994 3 2 6 1 8 1
-58984552 1 2 4 1 6 1 8 1
579014829 2 1 4 1 6 1 8 1
148715988 1 1 5 1 6 1 8 1
-44864001 6 2 8 1
169103355 1 5 7 1 8 1
-57910256 1 3 2 1 7 1 8 1
-657853355 1 1 2 2 7 1 8 1
-143360987 1 2 3 1 7 1 8 1
184912098 2 1 3 1 7 1 8 1
151953189 1 1 4 1 7 1 8 1
-29398062 5 1 7 1 8 1
-68217577 1 4 8 2
-19186131 1 2 2 1 8 2
177530766 2 2 8 2
75404457 1 1 3 1 8 2
-46006395 4 1 8 2
-77018039 1 11 9 1
697799840 1 9 2 1 9 1
-1973830279 1 7 2 2 9 1
1474370284 1 5 2 3 9 1
1019017282 1 3 2 4 9 1
-917474210 1 1 2 5 9 1
-430400076 1 8 3 1 9 1
1750889654 1 6 2 1 3 1 9 1
-250990720 1 4 2 2 3 1 9 1
-2829410766 1 2 2 3 3 1 9 1
528391993 2 4 3 1 9 1
-290404278 1 5 3 2 9 1
-703307918 1 3 2 1 3 2 9 1
1329682602 1 1 2 2 3 2 9 1
164812097 1 2 3 3 9 1
-107666066 2 1 3 3 9 1
368078537 1 7 4 1 9 1
-1154859066 1 5 2 1 4 1 9 1
-549198160 1 3 2 2 4 1 9 1
1791876904 1 1 2 3 4 1 9 1
236539345 1 4 3 1 4 1 9 1
1464229222 1 2 2 1 3 1 4 1 9 1
-676891925 2 2 3 1 4 1 9 1
-276997457 1 1 3 2 4 1 9 1
-12059348 1 3 4 2 9 1
-566899982 1 1 2 1 4 2 9 1
78302242 3 1 4 2 9 1
-217429627 1 6 5 1 9 1
310194630 1 4 2 1 5 1 9 1
810931195 1 2 2 2 5 1 9 1
-271578276 2 3 5 1 9 1
65280845 1 3 3 1 5 1 9 1
-650355376 1 1 2 1 3 1 5 1 9 1
44193024 3 2 5 1 9 1
-141639283 1 2 4 1 5 1 9 1
191157398 2 1 4 1 5 1 9 1
44271836 1 1 5 2 9 1
169838826 1 5 6 1 9 1
-59040110 1 3 2 1 6 1 9 1
-660641168 1 1 2 2 6 1 9 1
-143621648 1 2 3 1 6 1 9 1
185934070 2 1 3 1 6 1 9 1
152625998 1 1 4 1 6 1 9 1
-29589924 5 1 6 1 9 1
-70658465 1 4 7 1 9 1
-155983668 1 2 2 1 7 1 9 1
117879725 2 2 7 1 9 1
89304223 1 1 3 1 7 1 9 1
-30542337 4 1 7 1 9 1
37990264 1 3 8 1 9 1
184912098 1 1 2 1 8 1 9 1
-29398062 3 1 8 1 9 1
6285318 1 2 9 2
-19397087 2 1 9 2
77018039 1 10 10 1
-635478301 1 8 2 1 10 1
1547638517 1 6 2 2 10 1
-771211778 1 4 2 3 10 1
-856400510 1 2 2 4 10 1
389082217 2 5 10 1
368078537 1 7 3 1 10 1
-1150267507 1 5 2 1 3 1 10 1
-556372446 1 3 2 2 3 1 10 1
1774569937 1 1 2 3 3 1 10 1
115973893 1 4 3 2 10 1
733695392 1 2 2 1 3 2 10 1
-329792479 2 2 3 2 10 1
-90994911 1 1 3 3 10 1
-320487736 1 6 4 1 10 1
767264425 1 4 2 1 4 1 10 1
679020541 1 2 2 2 4 1 10 1
-843406703 2 3 4 1 10 1
-21758421 1 3 3 1 4 1 10 1
-1123315840 1 1 2 1 3 1 4 1 10 1
76199949 3 2 4 1 10 1
-28291191 1 2 4 2 10 1
297440342 2 1 4 2 10 1
169838826 1 5 5 1 10 1
-58662200 1 3 2 1 5 1 10 1
-659584958 1 1 2 2 5 1 10 1
-143999558 1 2 3 1 5 1 10 1
184877860 2 1 3 1 5 1 10 1
152399898 1 1 4 1 5 1 10 1
-14681912 5 2 10 1
-137170625 1 4 6 1 10 1
-37620318 1 2 2 1 6 1 10 1
356827373 2 2 6 1 10 1
151447485 1 1 3 1 6 1 10 1
-92493737 4 1 6 1 10 1
37990264 1 3 7 1 10 1
184877860 1 1 2 1 7 1 10 1
-29363824 3 1 7 1 10 1
-21197076 1 2 8 1 10 1
-116719862 2 1 8 1 10 1
-29363824 1 1 9 1 10 1
11015081 10 2
-62321539 1 9 11 1
426191762 1 7 2 1 11 1
-703158506 1 5 2 2 11 1
-162616772 1 3 2 3 11 1
528391993 1 1 2 4 11 1
-222021186 1 6 3 1 11 1
317368916 1 4 2 1 3 1 11 1
828238162 1 2 2 2 3 1 11 1
-271578276 2 3 3 1 11 1
33466647 1 3 3 2 11 1
-328413388 1 1 2 1 3 2 11 1
14794962 3 3 11 1
174430385 1 5 4 1 11 1
-65836486 1 3 2 1 4 1 11 1
-676891925 1 1 2 2 4 1 11 1
-145652007 1 2 3 1 4 1 11 1
191157398 2 1 3 1 4 1 11 1
78302242 1 1 4 2 11 1
-71036375 1 4 5 1 11 1
-157039878 1 2 2 1 5 1 11 1
117879725 2 2 5 1 11 1
89530323 1 1 3 1 5 1 11 1
-30542337 4 1 5 1 11 1
38368174 1 3 6 1 11 1
185934070 1 1 2 1 6 1 11 1
-29589924 3 1 6 1 11 1
12604874 1 2 7 1 11 1
-38794174 2 1 7 1 11 1
-29398062 1 1 8 1 11 1
7333662 9 1 11 1
62321539 1 8 12 1
-378600961 1 6 2 1 12 1
489994250 1 4 2 2 12 1
226602667 1 2 2 3 12 1
-256813717 2 4 12 1
174430385 1 5 3 1 12 1
-63854121 1 3 2 1 3 1 12 1
-671476735 1 1 2 2 3 1 12 1
-73817186 1 2 3 2 12 1
92871104 2 1 3 2 12 1
-141762184 1 4 4 1 12 1
-32806307 1 2 2 1 4 1 12 1
367854802 2 2 4 1 12 1
155460209 1 1 3 1 4 1 12 1
-47759905 4 2 12 1
38368174 1 3 5 1 12 1
185742208 1 1 2 1 5 1 12 1
-29398062 3 1 5 1 12 1
-21574986 1 2 6 1 12 1
-117549972 2 1 6 1 12 1
-29398062 1 1 7 1 12 1
22064400 8 1 12 1
-47590801 1 7 13 1
213164256 1 5 2 1 13 1
-63985895 1 3 2 2 13 1
-271578276 1 1 2 3 13 1
-73018740 1 4 3 1 13 1
-162455068 1 2 2 1 3 1 13 1
117879725 2 2 3 1 13 1
45337299 1 1 3 2 13 1
40350539 1 3 4 1 13 1
191157398 1 1 2 1 4 1 13 1
-30542337 3 1 4 1 13 1
12796736 1 2 5 1 13 1
-38794174 2 1 5 1 13 1
-29589924 1 1 6 1 13 1
7333662 7 1 13 1
47590801 1 6 14 1
-180496055 1 4 2 1 14 1
5693641 1 2 2 2 14 1
153698551 2 3 14 1
40350539 1 3 3 1 14 1
190204985 1 1 2 1 3 1 14 1
-14794962 3 2 14 1
-23557351 1 2 4 1 14 1
-121820887 2 1 4 1 14 1
-29589924 1 1 5 1 14 1
22256262 6 1 14 1
-32668201 1 5 15 1
58292254 1 3 2 1 15 1
117879725 1 1 2 2 15 1
13749149 1 2 3 1 15 1
-38794174 2 1 3 1 15 1
-30542337 1 1 4 1 15 1
7333662 5 1 15 1
32668201 1 4 16 1
-41499066 1 2 2 1 16 1
-79085551 2 2 16 1
-30542337 1 1 3 1 16 1
23208675 4 1 16 1
-16793188 1 3 17 1
-38794174 1 1 2 1 17 1
7333662 3 1 17 1
16793188 1 2 18 1
31460512 2 1 18 1
7333662 1 1 19 1
-7333662 20 1
