67440043666656460800000
-7333662 1 19 2 1
139339578 1 17 2 2
-1114716624 1 15 2 3
4876885230 1 13 2 4
-12679901598 1 11 2 5
19925559654 1 9 2 6
-18392824296 1 7 2 7
9196412148 1 5 2 8
-2090093670 1 3 2 9
139339578 1 1 2 10
7333662 1 18 3 1
-247218644 1 16 2 1 3 1
2694108440 1 14 2 2 3 1
-14159013637 1 12 2 3 3 1
40606390946 1 10 2 4 3 1
-65245782492 1 8 2 5 3 1
56428715112 1 6 2 6 3 1
-23134808157 1 4 2 7 3 1
3196948010 1 2 2 8 3 1
107879066 1 15 3 2
-2123152559 1 13 2 1 3 2
14932677300 1 11 2 2 3 2
-49612715460 1 9 2 3 3 2
82752346380 1 7 2 4 3 2
-65765866257 1 5 2 5 3 2
20239897748 1 3 2 6 3 2
-1106854340 1 1 2 7 3 2
543760743 1 12 3 3
-6742156058 1 10 2 1 3 3
28627003680 1 8 2 2 3 3
-51089628198 1 6 2 3 3 3
36264547753 1 4 2 4 3 3
-7115905482 1 2 2 5 3 3
1091607165 1 9 3 4
-7698730491 1 7 2 1 3 4
15770323723 1 5 2 2 3 4
-9567920222 1 3 2 3 3 4
814403743 1 1 2 4 3 4
757952923 1 6 3 5
-2216511619 1 4 2 1 3 5
1067912094 1 2 2 2 3 5
103692552 1 3 3 6
-34564184 1 1 2 1 3 6
-7333662 1 17 4 1
239884982 1 15 2 1 4 1
-2477432133 1 13 2 2 4 1
12129049344 1 11 2 3 4 1
-31748970682 1 9 2 4 4 1
45250729260 1 7 2 5 4 1
-33209918127 1 5 2 6 4 1
10692017620 1 3 2 7 4 1
-983239330 1 1 2 8 4 1
-208424470 1 14 3 1 4 1
3851746678 1 12 2 1 3 1 4 1
-24943844805 1 10 2 2 3 1 4 1
74320685868 1 8 2 3 3 1 4 1
-106689053543 1 6 2 4 3 1 4 1
67698319266 1 4 2 5 3 1 4 1
-13805193995 1 2 2 6 3 1 4 1
-1453400096 1 11 3 2 4 1
16355461738 1 9 2 1 3 2 4 1
-60841591234 1 7 2 2 3 2 4 1
89472112444 1 5 2 3 3 2 4 1
-45801470236 1 3 2 4 3 2 4 1
3858290510 1 1 2 5 3 2 4 1
-3386967726 1 8 3 3 4 1
20272214728 1 6 2 1 3 3 4 1
-32045788861 1 4 2 2 3 3 4 1
11622475752 1 2 2 3 3 3 4 1
-2259152397 1 5 3 4 4 1
4586179782 1 3 2 1 3 4 4 1
-860526990 1 1 2 2 3 4 4 1
-185096865 1 2 3 5 4 1
100545404 1 13 4 2
-1743389081 1 11 2 1 4 2
10365253855 1 9 2 2 4 2
-27552974506 1 7 2 3 4 2
33767673445 1 5 2 4 4 2
-16931792425 1 3 2 5 4 2
2310009215 1 1 2 6 4 2
1290312925 1 10 3 1 4 2
-13099756898 1 8 2 1 3 1 4 2
42207355602 1 6 2 2 3 1 4 2
-49908270807 1 4 2 3 3 1 4 2
17063725765 1 2 2 4 3 1 4 2
3872475434 1 7 3 2 4 2
-19229409771 1 5 2 1 3 2 4 2
22075513380 1 3 2 2 3 2 4 2
-3433545280 1 1 2 3 3 2 4 2
2502048815 1 4 3 3 4 2
-3049036110 1 2 2 1 3 3 4 2
81404313 1 1 3 4 4 2
-380673572 1 9 4 3
3471656256 1 7 2 1 4 3
-9615801159 1 5 2 2 4 3
9047261180 1 3 2 3 4 3
-2080134410 1 1 2 4 4 3
-1935681388 1 6 3 1 4 3
7790829610 1 4 2 1 3 1 4 3
-6026863210 1 2 2 2 3 1 4 3
-1261460470 1 3 3 2 4 3
657079708 1 1 2 1 3 2 4 3
358566515 1 5 4 4
-1157192315 1 3 2 1 4 4
604757341 1 1 2 2 4 4
285907707 1 2 3 1 4 4
-25296578 1 1 4 5
7333662 1 16 5 1
-216676307 1 14 2 1 5 1
2029964293 1 12 2 2 5 1
-8857420264 1 10 2 3 5 1
19995053232 1 8 2 4 5 1
-23218796985 1 6 2 5 5 1
12442790537 1 4 2 6 5 1
-2213708680 1 2 2 7 5 1
185215795 1 13 3 1 5 1
-3078631885 1 11 2 1 3 1 5 1
17516456177 1 9 2 2 3 1 5 1
-43927462792 1 7 2 3 3 1 5 1
49067040572 1 5 2 4 3 1 5 1
-20418794381 1 3 2 5 3 1 5 1
1468594545 1 1 2 6 3 1 5 1
1127753143 1 10 3 2 5 1
-10947716920 1 8 2 1 3 2 5 1
33172320714 1 6 2 2 3 2 5 1
-35476075513 1 4 2 3 3 2 5 1
9840401411 1 2 2 4 3 2 5 1
2134982456 1 7 3 3 5 1
-9941079819 1 5 2 1 3 3 5 1
10265179264 1 3 2 2 3 3 5 1
-1313277232 1 1 2 3 3 3 5 1
957982382 1 4 3 4 5 1
-1048717794 1 2 2 1 3 4 5 1
22288239 1 1 3 5 5 1
-177882133 1 12 4 1 5 1
2744205706 1 10 2 1 4 1 5 1
-14107860049 1 8 2 2 4 1 5 1
30701282344 1 6 2 3 4 1 5 1
-27647750999 1 4 2 4 4 1 5 1
7716581020 1 2 2 5 4 1 5 1
-1959874281 1 9 3 1 4 1 5 1
16802348696 1 7 2 1 3 1 4 1 5 1
-42338485765 1 5 2 2 3 1 4 1 5 1
33002911466 1 3 2 3 3 1 4 1 5 1
-3956231975 1 1 2 4 3 1 4 1 5 1
-4602578627 1 6 3 2 4 1 5 1
16701268718 1 4 2 1 3 2 4 1 5 1
-10405945565 1 2 2 2 3 2 4 1 5 1
-1761512280 1 3 3 3 4 1 5 1
752179734 1 1 2 1 3 3 4 1 5 1
846916100 1 8 4 2 5 1
-6349348537 1 6 2 1 4 2 5 1
13008527305 1 4 2 2 4 2 5 1
-6867090560 1 2 2 3 4 2 5 1
3202055543 1 5 3 1 4 2 5 1
-8540468160 1 3 2 1 3 1 4 2 5 1
2293674430 1 1 2 2 3 1 4 2 5 1
985242954 1 2 3 2 4 2 5 1
-719664410 1 4 4 3 5 1
1314159416 1 2 2 1 4 3 5 1
-159424817 1 1 3 1 4 3 5 1
77336729 1 11 5 2
-1048576530 1 9 2 1 5 2
4559176966 1 7 2 2 5 2
-7777906757 1 5 2 3 5 2
4636478693 1 3 2 4 5 2
-458737105 1 1 2 5 5 2
717321261 1 8 3 1 5 2
-5038293000 1 6 2 1 3 1 5 2
9306308050 1 4 2 2 3 1 5 2
-3959951461 1 2 2 3 3 1 5 2
1249233623 1 5 3 2 5 2
-2983300487 1 3 2 1 3 2 5 2
654793911 1 1 2 2 3 2 5 2
225326037 1 2 3 3 5 2
-599571389 1 7 4 1 5 2
3541127266 1 5 2 1 4 1 5 2
-4830409905 1 3 2 2 4 1 5 2
895938452 1 1 2 3 4 1 5 2
-1557025540 1 4 3 1 4 1 5 2
2269392322 1 2 2 1 3 1 4 1 5 2
-136173081 1 1 3 2 4 1 5 2
448422328 1 3 4 2 5 2
-283449991 1 1 2 1 4 2 5 2
133328861 1 6 5 3
-582312410 1 4 2 1 5 3
437458545 1 2 2 2 5 3
209528810 1 3 3 1 5 3
-107137961 1 1 2 1 3 1 5 3
-90994911 1 2 4 1 5 3
3670478 1 1 5 4
-7333662 1 15 6 1
209342645 1 13 2 1 6 1
-1842877910 1 11 2 2 6 1
7388288875 1 9 2 3 6 1
-14888176425 1 7 2 4 6 1
14766372676 1 5 2 5 6 1
-6255807120 1 3 2 6 6 1
745114135 1 1 2 7 6 1
-177882133 1 12 3 1 6 1
2743253293 1 10 2 1 3 1 6 1
-14091702886 1 8 2 2 3 1 6 1
30624451436 1 6 2 3 3 1 6 1
-27516097510 1 4 2 4 3 1 6 1
7649024525 1 2 2 5 3 1 6 1
-979460934 1 9 3 2 6 1
8387724780 1 7 2 1 3 2 6 1
-21094426212 1 5 2 2 3 2 6 1
16384025872 1 3 2 3 3 2 6 1
-1944337740 1 1 2 4 3 2 6 1
-1530612218 1 6 3 3 6 1
5538395931 1 4 2 1 3 3 6 1
-3430315686 1 2 2 2 3 3 6 1
-437058447 1 3 3 4 6 1
185096865 1 1 2 1 3 4 6 1
170548471 1 11 4 1 6 1
-2438225176 1 9 2 1 4 1 6 1
11270937728 1 7 2 2 4 1 6 1
-21101730506 1 5 2 3 4 1 6 1
15132063595 1 3 2 4 4 1 6 1
-2842874835 1 1 2 5 4 1 6 1
1692687925 1 8 3 1 4 1 6 1
-12673148496 1 6 2 1 3 1 4 1 6 1
25903338451 1 4 2 2 3 1 4 1 6 1
-13614319905 1 2 2 3 3 1 4 1 6 1
3192421023 1 5 3 2 4 1 6 1
-8481975235 1 3 2 1 3 2 4 1 6 1
2252469681 1 1 2 2 3 2 4 1 6 1
649392549 1 2 3 3 4 1 6 1
-728021953 1 7 4 2 6 1
4735947453 1 5 2 1 4 2 6 1
-7789527475 1 3 2 2 4 2 6 1
2781539226 1 1 2 3 4 2 6 1
-2150658025 1 4 3 1 4 2 6 1
3908380810 1 2 2 1 3 1 4 2 6 1
-234622341 1 1 3 2 4 2 6 1
474054258 1 3 4 3 6 1
-587834617 1 1 2 1 4 3 6 1
-147339796 1 10 5 1 6 1
1821714867 1 8 2 1 5 1 6 1
-6933772680 1 6 2 2 5 1 6 1
9626306473 1 4 2 3 5 1 6 1
-3888675480 1 2 2 4 5 1 6 1
-1197998503 1 7 3 1 5 1 6 1
7060910540 1 5 2 1 3 1 5 1 6 1
-9591287068 1 3 2 2 3 1 5 1 6 1
1754425187 1 1 2 3 3 1 5 1 6 1
-1549493313 1 4 3 2 5 1 6 1
2241701589 1 2 2 1 3 2 5 1 6 1
-89152956 1 1 3 3 5 1 6 1
991896821 1 6 4 1 5 1 6 1
-4817023915 1 4 2 1 4 1 5 1 6 1
4504939362 1 2 2 2 4 1 5 1 6 1
1781670197 1 3 3 1 4 1 5 1 6 1
-1108732295 1 1 2 1 3 1 4 1 5 1 6 1
-469244682 1 2 4 2 5 1 6 1
-311634773 1 5 5 2 6 1
1016805455 1 3 2 1 5 2 6 1
-330320584 1 1 2 2 5 2 6 1
-269300823 1 2 3 1 5 2 6 1
76312999 1 1 4 1 5 2 6 1
70003067 1 9 6 2
-787820249 1 7 2 1 6 2
2609467604 1 5 2 2 6 2
-2919757255 1 3 2 3 6 2
802929150 1 1 2 4 6 2
495359154 1 6 3 1 6 2
-2399905271 1 4 2 1 3 1 6 2
2233546593 1 2 2 2 3 1 6 2
442675531 1 3 3 2 6 2
-271784219 1 1 2 1 3 2 6 2
-407007344 1 5 4 1 6 2
1609104406 1 3 2 1 4 1 6 2
-1029336987 1 1 2 2 4 1 6 2
-465396365 1 2 3 1 4 1 6 2
119158221 1 1 4 2 6 2
237964875 1 4 5 1 6 2
-543568438 1 2 2 1 5 1 6 2
74453925 1 1 3 1 5 1 6 2
-59658963 1 3 6 3
94393481 1 1 2 1 6 3
7333662 1 14 7 1
-187086383 1 12 2 1 7 1
1469131389 1 10 2 2 7 1
-5106876807 1 8 2 3 7 1
8452424309 1 6 2 4 7 1
-6186983417 1 4 2 5 7 1
1468594545 1 2 2 6 7 1
155625871 1 11 3 1 7 1
-2113310223 1 9 2 1 3 1 7 1
9195184840 1 7 2 2 3 1 7 1
-15687467003 1 5 2 3 3 1 7 1
9340513881 1 3 2 4 3 1 7 1
-917474210 1 1 2 5 3 1 7 1
723264385 1 8 3 2 7 1
-5082097519 1 6 2 1 3 2 7 1
9381732654 1 4 2 2 3 2 7 1
-3980071226 1 2 2 3 3 2 7 1
840090935 1 5 3 3 7 1
-2003159393 1 3 2 1 3 3 7 1
437458545 1 1 2 2 3 3 7 1
113283150 1 2 3 4 7 1
-148292209 1 10 4 1 7 1
1837872030 1 8 2 1 4 1 7 1
-7010603588 1 6 2 2 4 1 7 1
9757959962 1 4 2 3 4 1 7 1
-3956231975 1 2 2 4 4 1 7 1
-1209884751 1 7 3 1 4 1 7 1
7148327716 1 5 2 1 3 1 4 1 7 1
-9740441495 1 3 2 2 3 1 4 1 7 1
1791876904 1 1 2 3 3 1 4 1 7 1
-1571107010 1 4 3 2 4 1 7 1
2282245442 1 2 2 1 3 2 4 1 7 1
-90994911 1 1 3 3 4 1 7 1
501415328 1 6 4 2 7 1
-2442395940 1 4 2 1 4 2 7 1
2293674430 1 2 2 2 4 2 7 1
905235854 1 3 3 1 4 2 7 1
-566899982 1 1 2 1 3 1 4 2 7 1
-159424817 1 2 4 3 7 1
125083534 1 9 5 1 7 1
-1313855458 1 7 2 1 5 1 7 1
3958025250 1 5 2 2 5 1 7 1
-3682690731 1 3 2 3 5 1 7 1
528391993 1 1 2 4 5 1 7 1
807689066 1 6 3 1 5 1 7 1
-3526248351 1 4 2 1 3 1 5 1 7 1
2639270424 1 2 2 2 3 1 5 1 7 1
633751181 1 3 3 2 5 1 7 1
-321941988 1 1 2 1 3 2 5 1 7 1
-631177308 1 5 4 1 5 1 7 1
2067453482 1 3 2 1 4 1 5 1 7 1
-676891925 1 1 2 2 4 1 5 1 7 1
-549343619 1 2 3 1 4 1 5 1 7 1
78302242 1 1 4 2 5 1 7 1
177521885 1 4 5 2 7 1
-322470093 1 2 2 1 5 2 7 1
44079974 1 1 3 1 5 2 7 1
-117749872 1 8 6 1 7 1
1097371013 1 6 2 1 6 1 7 1
-2730655696 1 4 2 2 6 1 7 1
1754425187 1 2 2 3 6 1 7 1
-629998795 1 5 3 1 6 1 7 1
2054150119 1 3 2 1 3 1 6 1 7 1
-660641168 1 1 2 2 3 1 6 1 7 1
-271142778 1 2 3 2 6 1 7 1
482885099 1 4 4 1 6 1 7 1
-1108732295 1 2 2 1 4 1 6 1 7 1
152625998 1 1 3 1 4 1 6 1 7 1
-237293898 1 3 5 1 6 1 7 1
185934070 1 1 2 1 5 1 6 1 7 1
74453925 1 2 6 2 7 1
47746805 1 7 7 2
-354414765 1 5 2 1 7 2
597980681 1 3 2 2 7 2
-135789138 1 1 2 3 7 2
179503642 1 4 3 1 7 2
-324649583 1 2 2 1 3 1 7 2
22079393 1 1 3 2 7 2
-120741756 1 3 4 1 7 2
95578699 1 1 2 1 4 1 7 2
44193024 1 2 5 1 7 2
-14794962 1 1 6 1 7 2
-7333662 1 13 8 1
179752721 1 11 2 1 8 1
-1311443068 1 9 2 2 8 1
4107826516 1 7 2 3 8 1
-5863476059 1 5 2 4 8 1
3429255975 1 3 2 5 8 1
-551120335 1 1 2 6 8 1
-148292209 1 10 3 1 8 1
1836727755 1 8 2 1 3 1 8 1
-6995796983 1 6 2 2 3 1 8 1
9710316987 1 4 2 3 3 1 8 1
-3915992445 1 2 2 4 3 1 8 1
-604370238 1 7 3 2 8 1
3562592953 1 5 2 1 3 2 8 1
-4831704185 1 3 2 2 3 2 8 1
875818687 1 1 2 3 3 2 8 1
-520923935 1 4 3 3 8 1
750337779 1 2 2 1 3 3 8 1
-22288239 1 1 3 4 8 1
140958547 1 9 4 1 8 1
-1590653386 1 7 2 1 4 1 8 1
5281151373 1 5 2 2 4 1 8 1
-5925219805 1 3 2 3 4 1 8 1
1635963078 1 1 2 4 4 1 8 1
1001460281 1 6 3 1 4 1 8 1
-4864277770 1 4 2 1 3 1 4 1 8 1
4541547840 1 2 2 2 3 1 4 1 8 1
898629554 1 3 3 2 4 1 8 1
-553518757 1 1 2 1 3 2 4 1 8 1
-411885005 1 5 4 2 8 1
1633691774 1 3 2 1 4 2 8 1
-1049882523 1 1 2 2 4 2 8 1
-473623156 1 2 3 1 4 2 8 1
81122575 1 1 4 3 8 1
-117749872 1 8 5 1 8 1
1097179151 1 6 2 1 5 1 8 1
-2728960915 1 4 2 2 5 1 8 1
1751637374 1 2 2 3 5 1 8 1
-629806933 1 5 3 1 5 1 8 1
2051816767 1 3 2 1 3 1 5 1 8 1
-657853355 1 1 2 2 3 1 5 1 8 1
-270504207 1 2 3 2 5 1 8 1
482658999 1 4 4 1 5 1 8 1
-1107037514 1 2 2 1 4 1 5 1 8 1
151953189 1 1 3 1 4 1 5 1 8 1
-118533899 1 3 5 2 8 1
92456049 1 1 2 1 5 2 8 1
110416210 1 7 6 1 8 1
-910092768 1 5 2 1 6 1 8 1
1853987621 1 3 2 2 6 1 8 1
-822205743 1 1 2 3 6 1 8 1
481514724 1 4 3 1 6 1 8 1
-1098576985 1 2 2 1 3 1 6 1 8 1
74357994 1 1 3 2 6 1 8 1
-363764852 1 3 4 1 6 1 8 1
579014829 1 1 2 1 4 1 6 1 8 1
148715988 1 2 5 1 6 1 8 1
-44864001 1 1 6 2 8 1
-88159948 1 6 7 1 8 1
551141209 1 4 2 1 7 1 8 1
-657853355 1 2 2 2 7 1 8 1
-240113137 1 3 3 1 7 1 8 1
184912098 1 1 2 1 3 1 7 1 8 1
151953189 1 2 4 1 7 1 8 1
-29398062 1 1 5 1 7 1 8 1
40413143 1 5 8 2
-211521406 1 3 2 1 8 2
177530766 1 1 2 2 8 2
75404457 1 2 3 1 8 2
-46006395 1 1 4 1 8 2
7333662 1 12 9 1
-157688321 1 10 2 1 9 1
999050291 1 8 2 2 9 1
-2588948250 1 6 2 3 9 1
2757727442 1 4 2 4 9 1
-917474210 1 2 2 5 9 1
126227809 1 9 3 1 9 1
-1328662063 1 7 2 1 3 1 9 1
4005668225 1 5 2 2 3 1 9 1
-3722930261 1 3 2 3 3 1 9 1
528391993 1 1 2 4 3 1 9 1
408697323 1 6 3 2 9 1
-1783908703 1 4 2 1 3 2 9 1
1329682602 1 2 2 2 3 2 9 1
213490177 1 3 3 3 9 1
-107666066 1 1 2 1 3 3 9 1
-118894147 1 8 4 1 9 1
1111985756 1 6 2 1 4 1 9 1
-2776603890 1 4 2 2 4 1 9 1
1791876904 1 2 2 3 4 1 9 1
-639512513 1 5 3 1 4 1 9 1
2093159722 1 3 2 1 3 1 4 1 9 1
-676891925 1 1 2 2 3 1 4 1 9 1
-276997457 1 2 3 2 4 1 9 1
245610152 1 4 4 2 9 1
-566899982 1 2 2 1 4 2 9 1
78302242 1 1 3 1 4 2 9 1
95685472 1 7 5 1 9 1
-710524311 1 5 2 1 5 1 9 1
1198749175 1 3 2 2 5 1 9 1
-271578276 1 1 2 3 5 1 9 1
359871955 1 4 3 1 5 1 9 1
-650355376 1 2 2 1 3 1 5 1 9 1
44193024 1 1 3 2 5 1 9 1
-242122083 1 3 4 1 5 1 9 1
191157398 1 1 2 1 4 1 5 1 9 1
44271836 1 2 5 2 9 1
-88351810 1 6 6 1 9 1
552835990 1 4 2 1 6 1 9 1
-660641168 1 2 2 2 6 1 9 1
-240977808 1 3 3 1 6 1 9 1
185934070 1 1 2 1 3 1 6 1 9 1
152625998 1 2 4 1 6 1 9 1
-29589924 1 1 5 1 6 1 9 1
66095548 1 5 7 1 9 1
-283612433 1 3 2 1 7 1 9 1
117879725 1 1 2 2 7 1 9 1
89304223 1 2 3 1 7 1 9 1
-30542337 1 1 4 1 7 1 9 1
-58761886 1 4 8 1 9 1
184912098 1 2 2 1 8 1 9 1
-29398062 1 1 3 1 8 1 9 1
18348743 1 3 9 2
-19397087 1 1 2 1 9 2
-7333662 1 11 10 1
150354659 1 9 2 1 10 1
-870725794 1 7 2 2 10 1
1971481791 1 5 2 3 10 1
-1701591175 1 3 2 4 10 1
389082217 1 1 2 5 10 1
-118894147 1 8 3 1 10 1
1110807243 1 6 2 1 3 1 10 1
-2766119766 1 4 2 2 3 1 10 1
1774569937 1 2 2 3 3 1 10 1
-319167000 1 5 3 2 10 1
1039331437 1 3 2 1 3 2 10 1
-329792479 1 1 2 2 3 2 10 1
-90994911 1 2 3 3 10 1
111560485 1 7 4 1 10 1
-923528998 1 5 2 1 4 1 10 1
1889677791 1 3 2 2 4 1 10 1
-843406703 1 1 2 3 4 1 10 1
489849929 1 4 3 1 4 1 10 1
-1123315840 1 2 2 1 3 1 4 1 10 1
76199949 1 1 3 2 4 1 10 1
-185477891 1 3 4 2 10 1
297440342 1 1 2 1 4 2 10 1
-88351810 1 6 5 1 10 1
552609890 1 4 2 1 5 1 10 1
-659584958 1 2 2 2 5 1 10 1
-240751708 1 3 3 1 5 1 10 1
184877860 1 1 2 1 3 1 5 1 10 1
152399898 1 2 4 1 5 1 10 1
-14681912 1 1 5 2 10 1
81018148 1 5 6 1 10 1
-424511493 1 3 2 1 6 1 10 1
356827373 1 1 2 2 6 1 10 1
151447485 1 2 3 1 6 1 10 1
-92493737 1 1 4 1 6 1 10 1
-58761886 1 4 7 1 10 1
184877860 1 2 2 1 7 1 10 1
-29363824 1 1 3 1 7 1 10 1
51428224 1 3 8 1 10 1
-116719862 1 1 2 1 8 1 10 1
-29363824 1 2 9 1 10 1
11015081 1 1 10 2
7333662 1 10 11 1
-128324497 1 8 2 1 11 1
617466459 1 6 2 2 11 1
-1056136267 1 4 2 3 11 1
528391993 1 2 2 4 11 1
96863985 1 7 3 1 11 1
-721008435 1 5 2 1 3 1 11 1
1216056142 1 3 2 2 3 1 11 1
-271578276 1 1 2 3 3 1 11 1
182627527 1 4 3 2 11 1
-328413388 1 2 2 1 3 2 11 1
14794962 1 1 3 3 11 1
-89530323 1 6 4 1 11 1
563094014 1 4 2 1 4 1 11 1
-676891925 1 2 2 2 4 1 11 1
-246134807 1 3 3 1 4 1 11 1
191157398 1 1 2 1 3 1 4 1 11 1
78302242 1 2 4 2 11 1
66321648 1 5 5 1 11 1
-284668643 1 3 2 1 5 1 11 1
117879725 1 1 2 2 5 1 11 1
89530323 1 2 3 1 5 1 11 1
-30542337 1 1 4 1 5 1 11 1
-58987986 1 4 6 1 11 1
185934070 1 2 2 1 6 1 11 1
-29589924 1 1 3 1 6 1 11 1
36731724 1 3 7 1 11 1
-38794174 1 1 2 1 7 1 11 1
-29398062 1 2 8 1 11 1
7333662 1 1 9 1 11 1
-7333662 1 9 12 1
120990835 1 7 2 1 12 1
-518540024 1 5 2 2 12 1
732304182 1 3 2 3 12 1
-256813717 1 1 2 4 12 1
-89530323 1 6 3 1 12 1
561949739 1 4 2 1 3 1 12 1
-671476735 1 2 2 2 3 1 12 1
-122495266 1 3 3 2 12 1
92871104 1 1 2 1 3 2 12 1
82196661 1 5 4 1 12 1
-433625242 1 3 2 1 4 1 12 1
367854802 1 1 2 2 4 1 12 1
155460209 1 2 3 1 4 1 12 1
-47759905 1 1 4 2 12 1
-58987986 1 4 5 1 12 1
185742208 1 2 2 1 5 1 12 1
-29398062 1 1 3 1 5 1 12 1
51654324 1 3 6 1 12 1
-117549972 1 1 2 1 6 1 12 1
-29398062 1 2 7 1 12 1
22064400 1 1 8 1 12 1
7333662 1 8 13 1
-98926435 1 6 2 1 13 1
323832085 1 4 2 2 13 1
-271578276 1 2 2 3 13 1
67465923 1 5 3 1 13 1
-290083833 1 3 2 1 3 1 13 1
117879725 1 1 2 2 3 1 13 1
45337299 1 2 3 2 13 1
-60132261 1 4 4 1 13 1
191157398 1 2 2 1 4 1 13 1
-30542337 1 1 3 1 4 1 13 1
36923586 1 3 5 1 13 1
-38794174 1 1 2 1 5 1 13 1
-29589924 1 2 6 1 13 1
7333662 1 1 7 1 13 1
-7333662 1 7 14 1
91592773 1 5 2 1 14 1
-254495574 1 3 2 2 14 1
153698551 1 1 2 3 14 1
-60132261 1 4 3 1 14 1
190204985 1 2 2 1 3 1 14 1
-14794962 1 1 3 2 14 1
52798599 1 3 4 1 14 1
-121820887 1 1 2 1 4 1 14 1
-29589924 1 2 5 1 14 1
22256262 1 1 6 1 14 1
7333662 1 6 15 1
-69336511 1 4 2 1 15 1
117879725 1 2 2 2 15 1
37875999 1 3 3 1 15 1
-38794174 1 1 2 1 3 1 15 1
-30542337 1 2 4 1 15 1
7333662 1 1 5 1 15 1
-7333662 1 5 16 1
62002849 1 3 2 1 16 1
-79085551 1 1 2 2 16 1
-30542337 1 2 3 1 16 1
23208675 1 1 4 1 16 1
7333662 1 4 17 1
-38794174 1 2 2 1 17 1
7333662 1 1 3 1 17 1
-7333662 1 3 18 1
31460512 1 1 2 1 18 1
7333662 1 2 19 1
-7333662 1 1 20 1
