9306726025998591590400000
51270780 1 22
-1127957160 1 20 2 1
10546918794 1 18 2 2
-54489679092 1 16 2 3
168870713180 1 14 2 4
-316926509704 1 12 2 5
338808777934 1 10 2 6
-158966398668 1 8 2 7
-28219037286 1 6 2 8
56633077540 1 4 2 9
-16534440006 1 2 2 10
1076686380 2 11
959282934 1 19 3 1
-16761070134 1 17 2 1 3 1
119436565696 1 15 2 2 3 1
-443052355130 1 13 2 3 3 1
895352238582 1 11 2 4 3 1
-900459372538 1 9 2 5 3 1
228378611208 1 7 2 6 3 1
294168964068 1 5 2 7 3 1
-205404373330 1 3 2 8 3 1
30839760714 1 1 2 9 3 1
6547101870 1 16 3 2
-85064070050 1 14 2 1 3 2
418838362561 1 12 2 2 3 2
-944001305544 1 10 2 3 3 2
842412187386 1 8 2 4 3 2
137704705212 1 6 2 5 3 2
-606227845861 1 4 2 6 3 2
231689301484 1 2 2 7 3 2
-11100510414 2 8 3 2
19595575876 1 13 3 3
-167561638108 1 11 2 1 3 3
453066936916 1 9 2 2 3 3
-296752992408 1 7 2 3 3 3
-412030845926 1 5 2 4 3 3
497511112992 1 3 2 5 3 3
-97107156192 1 1 2 6 3 3
23625679077 1 10 3 4
-94554853152 1 8 2 1 3 4
572944749 1 6 2 2 3 4
267276474514 1 4 2 3 3 4
-181866997631 1 2 2 4 3 4
12302430828 2 5 3 4
6139473882 1 7 3 5
19025156552 1 5 2 1 3 5
-70881515268 1 3 2 2 3 5
27424404510 1 1 2 3 3 5
-2477345095 1 4 3 6
7392538462 1 2 2 1 3 6
-1225778082 2 2 3 6
-212126754 1 1 3 7
-959282934 1 18 4 1
15912770710 1 16 2 1 4 1
-106369797590 1 14 2 2 4 1
363622996287 1 12 2 3 4 1
-656734175350 1 10 2 4 4 1
547079318874 1 8 2 5 4 1
-39661094628 1 6 2 6 4 1
-211455904811 1 4 2 7 4 1
95866083286 1 2 2 8 4 1
-8638739886 2 9 4 1
-12245904316 1 15 3 1 4 1
147936001379 1 13 2 1 3 1 4 1
-661016786076 1 11 2 2 3 1 4 1
1287886128408 1 9 2 3 3 1 4 1
-827650147704 1 7 2 4 3 1 4 1
-490613390061 1 5 2 5 3 1 4 1
707105878692 1 3 2 6 3 1 4 1
-159626000540 1 1 2 7 3 1 4 1
-49661357013 1 12 3 2 4 1
377332661046 1 10 2 1 3 2 4 1
-833860788492 1 8 2 2 3 2 4 1
197918205902 1 6 2 3 3 2 4 1
1005746561571 1 4 2 4 3 2 4 1
-673419889558 1 2 2 5 3 2 4 1
47897432880 2 6 3 2 4 1
-66381043233 1 9 3 3 4 1
193383162429 1 7 2 1 3 3 4 1
187759462091 1 5 2 2 3 3 4 1
-647416826510 1 3 2 3 3 3 4 1
221293676839 1 1 2 4 3 3 4 1
-9702722039 1 6 3 4 4 1
-91437983365 1 4 2 1 3 4 4 1
159702035988 1 2 2 2 3 4 4 1
-20069736018 2 3 3 4 4 1
9671628006 1 3 3 5 4 1
-13233562178 1 1 2 1 3 5 4 1
212126754 3 6 4 1
5750963203 1 14 4 2
-64450481351 1 12 2 1 4 2
260246205747 1 10 2 2 4 2
-433509737388 1 8 2 3 4 2
179282750836 1 6 2 4 4 2
220844501001 1 4 2 5 4 2
-181201471155 1 2 2 6 4 2
24191067084 2 7 4 2
41839960580 1 11 3 1 4 2
-279575690479 1 9 2 1 3 1 4 2
484891922047 1 7 2 2 3 1 4 2
106922898215 1 5 2 3 3 1 4 2
-672796902158 1 3 2 4 3 1 4 2
256661242797 1 1 2 5 3 1 4 2
67748172834 1 8 3 2 4 2
-122201606837 1 6 2 1 3 2 4 2
-323709608938 1 4 2 2 3 2 4 2
492354520490 1 2 2 3 3 2 4 2
-59151800367 2 4 3 2 4 2
-1861672409 1 5 3 3 4 2
130851680058 1 3 2 1 3 3 4 2
-107640205322 1 1 2 2 3 3 4 2
-12373968151 1 2 3 4 4 2
5258174238 2 1 3 4 4 2
-11774179443 1 10 4 3
68716297797 1 8 2 1 4 3
-89960942243 1 6 2 2 4 3
-62061268646 1 4 2 3 4 3
127771548553 1 2 2 4 4 3
-28171972842 2 5 4 3
-29767562533 1 7 3 1 4 3
20608221460 1 5 2 1 3 1 4 3
173808175250 1 3 2 2 3 1 4 3
-139908906452 1 1 2 3 3 1 4 3
10134399948 1 4 3 2 4 3
-76063458908 1 2 2 1 3 2 4 3
20872328292 2 2 3 2 4 3
6225282142 1 1 3 3 4 3
4826979725 1 6 4 4
1363351136 1 4 2 1 4 4
-28043257915 1 2 2 2 4 4
12565001010 2 3 4 4
-5549022623 1 3 3 1 4 4
18375112745 1 1 2 1 3 1 4 4
-989127555 3 2 4 4
839543241 1 2 4 5
-1446295254 2 1 4 5
848299424 1 17 5 1
-13066768106 1 15 2 1 5 1
79429358843 1 13 2 2 5 1
-238618063232 1 11 2 3 5 1
353380053664 1 9 2 4 5 1
-188717516580 1 7 2 5 5 1
-82713059257 1 5 2 6 5 1
109538290044 1 3 2 7 5 1
-22201020828 1 1 2 8 5 1
9869348525 1 14 3 1 5 1
-107140248265 1 12 2 1 3 1 5 1
411243236481 1 10 2 2 3 1 5 1
-617506188204 1 8 2 3 3 1 5 1
130671376290 1 6 2 4 3 1 5 1
428433582363 1 4 2 5 3 1 5 1
-247251296525 1 2 2 6 3 1 5 1
15449000612 2 7 3 1 5 1
34639095326 1 11 3 2 5 1
-218783662897 1 9 2 1 3 2 5 1
329128563703 1 7 2 2 3 2 5 1
185956094237 1 5 2 3 3 2 5 1
-528343960932 1 3 2 4 3 2 5 1
148473710915 1 1 2 5 3 2 5 1
34849107906 1 8 3 3 5 1
-47204143123 1 6 2 1 3 3 5 1
-194535110998 1 4 2 2 3 3 5 1
235509414130 1 2 2 3 3 3 5 1
-22711132033 2 4 3 3 5 1
-2503854976 1 5 3 4 5 1
52732766296 1 3 2 1 3 4 5 1
-37123004698 1 1 2 2 3 4 5 1
-3805069223 1 2 3 5 5 1
1444453178 2 1 3 5 5 1
-9125370615 1 13 4 1 5 1
90779557549 1 11 2 1 4 1 5 1
-307154638832 1 9 2 2 4 1 5 1
364899732799 1 7 2 3 4 1 5 1
43127559469 1 5 2 4 4 1 5 1
-291665952241 1 3 2 5 4 1 5 1
95794865760 1 1 2 6 4 1 5 1
-56309745747 1 10 3 1 4 1 5 1
300868905196 1 8 2 1 3 1 4 1 5 1
-288418572033 1 6 2 2 3 1 4 1 5 1
-453494544312 1 4 2 3 3 1 4 1 5 1
544457883635 1 2 2 4 3 1 4 1 5 1
-53841723537 2 5 3 1 4 1 5 1
-63280283290 1 7 3 2 4 1 5 1
-2440062454 1 5 2 1 3 2 4 1 5 1
427005731578 1 3 2 2 3 2 4 1 5 1
-242369128510 1 1 2 3 3 2 4 1 5 1
20694850378 1 4 3 3 4 1 5 1
-109971871792 1 2 2 1 3 3 4 1 5 1
23990523494 2 2 3 3 4 1 5 1
6430813235 1 1 3 4 4 1 5 1
22759020165 1 9 4 2 5 1
-100496653693 1 7 2 1 4 2 5 1
41850957965 1 5 2 2 4 2 5 1
187611726542 1 3 2 3 4 2 5 1
-118303600734 1 1 2 4 4 2 5 1
34894781599 1 6 3 1 4 2 5 1
61187580850 1 4 2 1 3 1 4 2 5 1
-253251418408 1 2 2 2 3 1 4 2 5 1
47904245828 2 3 3 1 4 2 5 1
-29318822822 1 3 3 2 4 2 5 1
63544463678 1 1 2 1 3 2 4 2 5 1
-2268771922 3 3 4 2 5 1
-5584139951 1 5 4 3 5 1
-23664135826 1 3 2 1 4 3 5 1
41744656584 1 1 2 2 4 3 5 1
13801870702 1 2 3 1 4 3 5 1
-9165381365 2 1 3 1 4 3 5 1
-1978255110 1 1 4 4 5 1
3546017312 1 12 5 2
-30764950789 1 10 2 1 5 2
83607894249 1 8 2 2 5 2
-56662986551 1 6 2 3 5 2
-59302164806 1 4 2 4 5 2
60273640017 1 2 2 5 5 2
-5130901553 2 6 5 2
18012441372 1 9 3 1 5 2
-71466067240 1 7 2 1 3 1 5 2
4363385040 1 5 2 2 3 1 5 2
154783422754 1 3 2 3 3 1 5 2
-68417548403 1 1 2 4 3 1 5 2
11685959305 1 6 3 2 5 2
32206998580 1 4 2 1 3 2 5 2
-91761224225 1 2 2 2 3 2 5 2
13737318524 2 3 3 2 5 2
-8091176172 1 3 3 3 5 2
14575672444 1 1 2 1 3 3 5 2
-388083137 3 4 5 2
-13738158206 1 8 4 1 5 2
40357484758 1 6 2 1 4 1 5 2
30279755210 1 4 2 2 4 1 5 2
-93761034906 1 2 2 3 4 1 5 2
13821293083 2 4 4 1 5 2
-8134791537 1 5 3 1 4 1 5 2
-63440752158 1 3 2 1 3 1 4 1 5 2
72305818258 1 1 2 2 3 1 4 1 5 2
15183128444 1 2 3 2 4 1 5 2
-7866036051 2 1 3 2 4 1 5 2
-162562373 1 4 4 2 5 2
23045212326 1 2 2 1 4 2 5 2
-8012583651 2 2 4 2 5 2
-6841463354 1 1 3 1 4 2 5 2
556890575 4 3 5 2
2520789784 1 7 5 3
-3406778757 1 5 2 1 5 3
-11413203206 1 3 2 2 5 3
9173991254 1 1 2 3 5 3
-718802904 1 4 3 1 5 3
11320410546 1 2 2 1 3 1 5 3
-3045610653 2 2 3 1 5 3
-1565071466 1 1 3 2 5 3
1496001074 1 3 4 1 5 3
-5253993315 1 1 2 1 4 1 5 3
633247785 3 1 4 1 5 3
-278196405 1 2 5 4
187026164 2 1 5 4
-848299424 1 16 6 1
12322790196 1 14 2 1 6 1
-69519690781 1 12 2 2 6 1
188873246199 1 10 2 3 6 1
-239668038864 1 8 2 4 6 1
84532603347 1 6 2 5 6 1
76916230667 1 4 2 6 6 1
-56501305903 1 2 2 7 6 1
6752020216 2 8 6 1
-9125370615 1 13 3 1 6 1
90713157952 1 11 2 1 3 1 6 1
-306556359359 1 9 2 2 3 1 6 1
363212207619 1 7 2 3 3 1 6 1
44389881970 1 5 2 4 3 1 6 1
-290769488486 1 3 2 5 3 1 6 1
94950324781 1 1 2 6 3 1 6 1
-28121673075 1 10 3 2 6 1
149987142273 1 8 2 1 3 2 6 1
-142847097964 1 6 2 2 3 2 6 1
-227153960548 1 4 2 3 3 2 6 1
270664899555 1 2 2 4 3 2 6 1
-26498591279 2 5 3 2 6 1
-20994647371 1 7 3 3 6 1
-1183944419 1 5 2 1 3 3 6 1
141972774056 1 3 2 2 3 3 6 1
-79929281834 1 1 2 3 3 3 6 1
5192442564 1 4 3 4 6 1
-27316599371 1 2 2 1 3 4 6 1
5910215314 2 2 3 4 6 1
1272760524 1 1 3 5 6 1
8484358645 1 12 4 1 6 1
-77076014336 1 10 2 1 4 1 6 1
228165514016 1 8 2 2 4 1 6 1
-206675340598 1 6 2 3 4 1 6 1
-92903981147 1 4 2 4 4 1 6 1
167667588874 1 2 2 5 4 1 6 1
-31691339117 2 6 4 1 6 1
45454303811 1 9 3 1 4 1 6 1
-200266029032 1 7 2 1 3 1 4 1 6 1
82090986247 1 5 2 2 3 1 4 1 6 1
374545772114 1 3 2 3 3 1 4 1 6 1
-234506600566 1 1 2 4 3 1 4 1 6 1
34662638413 1 6 3 2 4 1 6 1
61702680662 1 4 2 1 3 2 4 1 6 1
-251979152547 1 2 2 2 3 2 4 1 6 1
47114429324 2 3 3 2 4 1 6 1
-19531879052 1 3 3 3 4 1 6 1
41899573058 1 1 2 1 3 3 4 1 6 1
-1117103117 3 4 4 1 6 1
-18421000480 1 8 4 2 6 1
66059859753 1 6 2 1 4 2 6 1
3751323324 1 4 2 2 4 2 6 1
-122676537110 1 2 2 3 4 2 6 1
42756768740 2 4 4 2 6 1
-16592435050 1 5 3 1 4 2 6 1
-71028232186 1 3 2 1 3 1 4 2 6 1
124119101378 1 1 2 2 3 1 4 2 6 1
20621899620 1 2 3 2 4 2 6 1
-13509931715 2 1 3 2 4 2 6 1
2253116037 1 4 4 3 6 1
18287798660 1 2 2 1 4 3 6 1
-16554107917 2 2 4 3 6 1
-7842725264 1 1 3 1 4 3 6 1
864473960 4 4 6 1
-6451022654 1 11 5 1 6 1
50069497450 1 9 2 1 5 1 6 1
-112824916445 1 7 2 2 5 1 6 1
36147627257 1 5 2 3 5 1 6 1
100974066202 1 3 2 4 5 1 6 1
-52997182558 1 1 2 5 5 1 6 1
-27412579893 1 8 3 1 5 1 6 1
80164080232 1 6 2 1 3 1 5 1 6 1
61274309618 1 4 2 2 3 1 5 1 6 1
-186633242103 1 2 2 3 3 1 5 1 6 1
27121618272 2 4 3 1 5 1 6 1
-7990842886 1 5 3 2 5 1 6 1
-63438998799 1 3 2 1 3 2 5 1 6 1
71458437147 1 1 2 2 3 2 5 1 6 1
10062224181 1 2 3 3 5 1 6 1
-5157303845 2 1 3 3 5 1 6 1
20614985697 1 7 4 1 5 1 6 1
-40011509806 1 5 2 1 4 1 5 1 6 1
-75453837791 1 3 2 2 4 1 5 1 6 1
94228858648 1 1 2 3 4 1 5 1 6 1
-838518959 1 4 3 1 4 1 5 1 6 1
91880776998 1 2 2 1 3 1 4 1 5 1 6 1
-31411746895 2 2 3 1 4 1 5 1 6 1
-13518022320 1 1 3 2 4 1 5 1 6 1
4058174576 1 3 4 2 5 1 6 1
-27019863430 1 1 2 1 4 2 5 1 6 1
3271048274 3 1 4 2 5 1 6 1
-5039058322 1 6 5 2 6 1
399546811 1 4 2 1 5 2 6 1
25581864915 1 2 2 2 5 2 6 1
-6128380601 2 3 5 2 6 1
4516287886 1 3 3 1 5 2 6 1
-15557982848 1 1 2 1 3 1 5 2 6 1
931823681 3 2 5 2 6 1
-4399873146 1 2 4 1 5 2 6 1
3872640874 2 1 4 1 5 2 6 1
622629628 1 1 5 3 6 1
2956339732 1 10 6 2
-20458902531 1 8 2 1 6 2
37737316842 1 6 2 2 6 2
-692971032 1 4 2 3 6 2
-33537939078 1 2 2 4 6 2
9731200733 2 5 6 2
10282815861 1 7 3 1 6 2
-19834395427 1 5 2 1 3 1 6 2
-37764931720 1 3 2 2 3 1 6 2
46700367569 1 1 2 3 3 1 6 2
-251133441 1 4 3 2 6 2
22891784179 1 2 2 1 3 2 6 2
-7712975554 2 2 3 2 6 2
-2227524757 1 1 3 3 6 2
-7759504831 1 6 4 1 6 2
8787546968 1 4 2 1 4 1 6 2
29825255803 1 2 2 2 4 1 6 2
-19017655259 2 3 4 1 6 2
4088205055 1 3 3 1 4 1 6 2
-26784099929 1 1 2 1 3 1 4 1 6 2
1604895129 3 2 4 1 6 2
-2139717766 1 2 4 2 6 2
6020514249 2 1 4 2 6 2
3183912257 1 5 5 1 6 2
4057668599 1 3 2 1 5 1 6 2
-15425951108 1 1 2 2 5 1 6 2
-4400897681 1 2 3 1 5 1 6 2
3787999425 2 1 3 1 5 1 6 2
3209790258 1 1 4 1 5 1 6 2
-260012229 5 2 6 2
-665643719 1 4 6 3
-1508045404 1 2 2 1 6 3
2340110061 2 2 6 3
1061021450 1 1 3 1 6 3
-540996992 4 1 6 3
743977910 1 15 7 1
-9909668062 1 13 2 1 7 1
49744817033 1 11 2 2 7 1
-113712014800 1 9 2 3 7 1
104184913233 1 7 2 4 7 1
5796828590 1 5 2 5 7 1
-53036984141 1 3 2 6 7 1
15449000612 1 1 2 7 7 1
7158434221 1 12 3 1 7 1
-62128181051 1 10 2 1 3 1 7 1
168903313678 1 8 2 2 3 1 7 1
-114588295603 1 6 2 3 3 1 7 1
-119500793367 1 4 2 4 3 1 7 1
121391821013 1 2 2 5 3 1 7 1
-10261803106 2 6 3 1 7 1
18192480220 1 9 3 2 7 1
-72199961291 1 7 2 1 3 2 7 1
4489907810 1 5 2 2 3 2 7 1
155989934858 1 3 2 3 3 2 7 1
-68701700707 1 1 2 4 3 2 7 1
7871594561 1 6 3 3 7 1
21651042304 1 4 2 1 3 3 7 1
-61576708969 1 2 2 2 3 3 7 1
9173991254 2 3 3 3 7 1
-4078324676 1 3 3 4 7 1
7321076121 1 1 2 1 3 4 7 1
-155657407 3 5 7 1
-6517422251 1 11 4 1 7 1
50667776923 1 9 2 1 4 1 7 1
-114512441625 1 7 2 2 4 1 7 1
37409949758 1 5 2 3 4 1 7 1
101870529957 1 3 2 4 4 1 7 1
-53841723537 1 1 2 5 4 1 7 1
-27772657589 1 8 3 1 4 1 7 1
81623907942 1 6 2 1 3 1 4 1 7 1
61055787952 1 4 2 2 3 1 4 1 7 1
-189054366106 1 2 2 3 3 1 4 1 7 1
27642586166 2 4 3 1 4 1 7 1
-8225747567 1 5 3 2 4 1 7 1
-64017608442 1 3 2 1 3 2 4 1 7 1
72640066034 1 1 2 2 3 2 4 1 7 1
10198126558 1 2 3 3 4 1 7 1
-5253993315 2 1 3 3 4 1 7 1
10459643633 1 7 4 2 7 1
-20477486053 1 5 2 1 4 2 7 1
-37971007764 1 3 2 2 4 2 7 1
47904245828 1 1 2 3 4 2 7 1
-325825441 1 4 3 1 4 2 7 1
46536797474 1 2 2 1 3 1 4 2 7 1
-16025167302 2 2 3 1 4 2 7 1
-6876610942 1 1 3 2 4 2 7 1
1351306418 1 3 4 3 7 1
-9165381365 1 1 2 1 4 3 7 1
1113781150 3 1 4 3 7 1
4812626356 1 10 5 1 7 1
-30946933382 1 8 2 1 5 1 7 1
47262504508 1 6 2 2 5 1 7 1
19692377990 1 4 2 3 5 1 7 1
-52545773677 1 2 2 4 5 1 7 1
6413162820 2 5 5 1 7 1
15294044786 1 7 3 1 5 1 7 1
-20668286936 1 5 2 1 3 1 5 1 7 1
-69134621026 1 3 2 2 3 1 5 1 7 1
55288880941 1 1 2 3 3 1 5 1 7 1
-2181039527 1 4 3 2 5 1 7 1
34226513845 1 2 2 1 3 2 5 1 7 1
-9148827609 2 2 3 2 5 1 7 1
-3145626647 1 1 3 3 5 1 7 1
-10255383118 1 6 4 1 5 1 7 1
1054905878 1 4 2 1 4 1 5 1 7 1
51820734973 1 2 2 2 4 1 5 1 7 1
-12525040033 2 3 4 1 5 1 7 1
9083207397 1 3 3 1 4 1 5 1 7 1
-31680651507 1 1 2 1 3 1 4 1 5 1 7 1
1902488152 3 2 4 1 5 1 7 1
-4453361532 1 2 4 2 5 1 7 1
3962504910 2 1 4 2 5 1 7 1
1964179270 1 5 5 2 7 1
4766034237 1 3 2 1 5 2 7 1
-9160823259 1 1 2 2 5 2 7 1
-3370969089 1 2 3 1 5 2 7 1
2245695762 2 1 3 1 5 2 7 1
1905232949 1 1 4 1 5 2 7 1
-102605170 5 3 7 1
-4274283166 1 9 6 1 7 1
23554173522 1 7 2 1 6 1 7 1
-24457327853 1 5 2 2 6 1 7 1
-26774678435 1 3 2 3 6 1 7 1
27121618272 1 1 2 4 6 1 7 1
-10206029143 1 6 3 1 6 1 7 1
823096790 1 4 2 1 3 1 6 1 7 1
51699583209 1 2 2 2 3 1 6 1 7 1
-12256761202 2 3 3 1 6 1 7 1
4569156169 1 3 3 2 6 1 7 1
-15644054161 1 1 2 1 3 2 6 1 7 1
622629628 3 3 6 1 7 1
6502063025 1 5 4 1 6 1 7 1
8081630882 1 3 2 1 4 1 6 1 7 1
-31411746895 1 1 2 2 4 1 6 1 7 1
-8912531208 1 2 3 1 4 1 6 1 7 1
7745281748 2 1 3 1 4 1 6 1 7 1
3271048274 1 1 4 2 6 1 7 1
-1560722352 1 4 5 1 6 1 7 1
-9902291910 1 2 2 1 5 1 6 1 7 1
4617621500 2 2 5 1 6 1 7 1
3758262154 1 1 3 1 5 1 6 1 7 1
-1066774824 4 1 5 1 6 1 7 1
54151833 1 3 6 2 7 1
3787999425 1 1 2 1 6 2 7 1
-520024458 3 1 6 2 7 1
1475512524 1 8 7 2
-5994220009 1 6 2 1 7 2
846707642 1 4 2 2 7 2
9718800913 1 2 2 3 7 2
-1846939557 2 4 7 2
1988873657 1 5 3 1 7 2
4827326569 1 3 2 1 3 1 7 2
-9209869632 1 1 2 2 3 1 7 2
-1702298453 1 2 3 2 7 2
1124432006 2 1 3 2 7 2
-808218569 1 4 4 1 7 2
-5008966759 1 2 2 1 4 1 7 2
2365993626 2 2 4 1 7 2
1916638580 1 1 3 1 4 1 7 2
-273694630 4 2 7 2
-220972442 1 3 5 1 7 2
2250245806 1 1 2 1 5 1 7 2
-307964090 3 1 5 1 7 2
486410028 1 2 6 1 7 2
-649900950 2 1 6 1 7 2
-102753750 1 1 7 3
-743977910 1 14 8 1
9268656092 1 12 2 1 8 1
-42558696071 1 10 2 2 8 1
85390666907 1 8 2 3 8 1
-60472962657 1 6 2 4 8 1
-18163300510 1 4 2 5 8 1
30909150731 1 2 2 6 8 1
-5187197506 2 7 8 1
-6517422251 1 11 3 1 8 1
50604040404 1 9 2 1 3 1 8 1
-114081504448 1 7 2 2 3 1 8 1
36707958501 1 5 2 3 3 1 8 1
101689126519 1 3 2 4 3 1 8 1
-53273418929 1 1 2 5 3 1 8 1
-13854460535 1 8 3 2 8 1
40516492981 1 6 2 1 3 2 8 1
30911294638 1 4 2 2 3 2 8 1
-94003423327 1 2 2 3 3 2 8 1
13537140779 2 4 3 2 8 1
-2688587588 1 5 3 3 8 1
-21337842249 1 3 2 1 3 3 8 1
23891713263 1 1 2 2 3 3 8 1
2532308699 1 2 3 4 8 1
-1288795771 2 1 3 4 8 1
5979079061 1 10 4 1 8 1
-41452348016 1 8 2 1 4 1 8 1
76739182079 1 6 2 2 4 1 8 1
-1980797182 1 4 2 3 4 1 8 1
-67782838678 1 2 2 4 4 1 8 1
19785974551 2 5 4 1 8 1
20861972899 1 7 3 1 4 1 8 1
-40545656976 1 5 2 1 3 1 4 1 8 1
-76038663207 1 3 2 2 3 1 4 1 8 1
94800389259 1 1 2 3 3 1 4 1 8 1
-427347004 1 4 3 2 4 1 8 1
46353140289 1 2 2 1 3 2 4 1 8 1
-15678923876 2 2 3 2 4 1 8 1
-4522060129 1 1 3 3 4 1 8 1
-7886978628 1 6 4 2 8 1
9075045496 1 4 2 1 4 2 8 1
30106289031 1 2 2 2 4 2 8 1
-19354038493 2 3 4 2 8 1
4090651565 1 3 3 1 4 2 8 1
-27209341616 1 1 2 1 3 1 4 2 8 1
1632779340 3 2 4 2 8 1
-1435488730 1 2 4 3 8 1
4089095305 2 1 4 3 8 1
-4274283166 1 9 5 1 8 1
23546213130 1 7 2 1 5 1 8 1
-24422803979 1 5 2 2 5 1 8 1
-26782778230 1 3 2 3 5 1 8 1
27074281558 1 1 2 4 5 1 8 1
-10198068751 1 6 3 1 5 1 8 1
783616899 1 4 2 1 3 1 5 1 8 1
51673533639 1 2 2 2 3 1 5 1 8 1
-12209424488 2 3 3 1 5 1 8 1
4574112186 1 3 3 2 5 1 8 1
-15607784035 1 1 2 1 3 2 5 1 8 1
620508867 3 3 5 1 8 1
6495737013 1 5 4 1 5 1 8 1
8096290047 1 3 2 1 4 1 5 1 8 1
-31357847752 1 1 2 2 4 1 5 1 8 1
-8912487945 1 2 3 1 4 1 5 1 8 1
7713992111 2 1 3 1 4 1 5 1 8 1
3265558680 1 1 4 2 5 1 8 1
-777198170 1 4 5 2 8 1
-4953631611 1 2 2 1 5 2 8 1
2297505997 2 2 5 2 8 1
1874265519 1 1 3 1 5 2 8 1
-530642615 4 1 5 2 8 1
3838608756 1 8 6 1 8 1
-18051489890 1 6 2 1 6 1 8 1
11678919472 1 4 2 2 6 1 8 1
21755715085 1 2 2 3 6 1 8 1
-11170977956 2 4 6 1 8 1
6463350874 1 5 3 1 6 1 8 1
8170208275 1 3 2 1 3 1 6 1 8 1
-31093528923 1 1 2 2 3 1 6 1 8 1
-4455137914 1 2 3 2 6 1 8 1
3782019517 2 1 3 2 6 1 8 1
-4095714686 1 4 4 1 6 1 8 1
-9091170575 1 2 2 1 4 1 6 1 8 1
14316856395 2 2 4 1 6 1 8 1
6477338668 1 1 3 1 4 1 6 1 8 1
-1656884190 4 2 6 1 8 1
105543574 1 3 5 1 6 1 8 1
7564039034 1 1 2 1 5 1 6 1 8 1
-1035510234 3 1 5 1 6 1 8 1
214045845 1 2 6 2 8 1
-1968173067 2 1 6 2 8 1
-2515350638 1 7 7 1 8 1
7828412328 1 5 2 1 7 1 8 1
3890107113 1 3 2 2 7 1 8 1
-12209424488 1 1 2 3 7 1 8 1
-1577724987 1 4 3 1 7 1 8 1
-10049498005 1 2 2 1 3 1 7 1 8 1
4595011994 2 2 3 1 7 1 8 1
1887004437 1 1 3 2 7 1 8 1
131632313 1 3 4 1 7 1 8 1
7713992111 1 1 2 1 4 1 7 1 8 1
-1061285230 3 1 4 1 7 1 8 1
975580148 1 2 5 1 7 1 8 1
-1292380766 2 1 5 1 7 1 8 1
-1035510234 1 1 6 1 7 1 8 1
102753750 7 2 8 1
1091321084 1 6 8 2
-2578764549 1 4 2 1 8 2
-2370256955 1 2 2 2 8 2
2857899033 2 3 8 2
57492146 1 3 3 1 8 2
3821427671 1 1 2 1 3 1 8 2
-258538665 3 2 8 2
207945440 1 2 4 1 8 2
-2011969575 2 1 4 1 8 2
-517077330 1 1 5 1 8 2
311569830 6 1 8 2
641011970 1 13 9 1
-7186120962 1 11 2 1 9 1
28321347893 1 9 2 2 9 1
-43711950576 1 7 2 3 9 1
12366471920 1 5 2 4 9 1
22127833410 1 3 2 5 9 1
-10261803106 1 1 2 6 9 1
4876362875 1 10 3 1 9 1
-31377870559 1 8 2 1 3 1 9 1
47964495765 1 6 2 2 3 1 9 1
19873781428 1 4 2 3 3 1 9 1
-53114078285 1 2 2 4 3 1 9 1
6413162820 2 5 3 1 9 1
7755671978 1 7 3 2 9 1
-10491213665 1 5 2 1 3 2 9 1
-34970307382 1 3 2 2 3 2 9 1
27814243893 1 1 2 3 3 2 9 1
-735624322 1 4 3 3 9 1
11521031887 1 2 2 1 3 3 9 1
-3057606303 2 2 3 3 9 1
-791649989 1 1 3 4 9 1
-4338019685 1 9 4 1 9 1
23977150307 1 7 2 1 4 1 9 1
-25124795236 1 5 2 2 4 1 9 1
-26964181668 1 3 2 3 4 1 9 1
27642586166 1 1 2 4 4 1 9 1
-10415367921 1 6 3 1 4 1 9 1
1091431281 1 4 2 1 3 1 4 1 9 1
52489230525 1 2 2 2 3 1 4 1 9 1
-12525040033 2 3 3 1 4 1 9 1
4606271637 1 3 3 2 4 1 9 1
-15948579405 1 1 2 1 3 2 4 1 9 1
635992582 3 3 4 1 9 1
3331023914 1 5 4 2 9 1
4025030748 1 3 2 1 4 2 9 1
-16025167302 1 1 2 2 4 2 9 1
-4523656708 1 2 3 1 4 2 9 1
3962504910 2 1 3 1 4 2 9 1
1113781150 1 1 4 3 9 1
2958985440 1 8 5 1 9 1
-12022963892 1 6 2 1 5 1 9 1
1701515079 1 4 2 2 5 1 9 1
19484938540 1 2 2 3 5 1 9 1
-3693879114 2 4 5 1 9 1
3989029343 1 5 3 1 5 1 9 1
9679099355 1 3 2 1 3 1 5 1 9 1
-18443730564 1 1 2 2 3 1 5 1 9 1
-3411716947 1 2 3 2 5 1 9 1
2250245806 2 1 3 2 5 1 9 1
-1621393155 1 4 4 1 5 1 9 1
-10047841361 1 2 2 1 4 1 5 1 9 1
4731987252 2 2 4 1 5 1 9 1
3838766754 1 1 3 1 4 1 5 1 9 1
-547389260 4 2 5 1 9 1
-221958314 1 3 5 2 9 1
2253414056 1 1 2 1 5 2 9 1
-308112670 3 1 5 2 9 1
-2523311030 1 7 6 1 9 1
7862936202 1 5 2 1 6 1 9 1
3882007318 1 3 2 2 6 1 9 1
-12256761202 1 1 2 3 6 1 9 1
-1589007016 1 4 3 1 6 1 9 1
-10074434536 1 2 2 1 3 1 6 1 9 1
4617621500 2 2 3 1 6 1 9 1
1894614792 1 1 3 2 6 1 9 1
137078644 1 3 4 1 6 1 9 1
7745281748 1 1 2 1 4 1 6 1 9 1
-1066774824 3 1 4 1 6 1 9 1
977061578 1 2 5 1 6 1 9 1
-1299801900 2 1 5 1 6 1 9 1
-520024458 1 1 6 2 9 1
1513363558 1 6 7 1 9 1
-2158278360 1 4 2 1 7 1 9 1
-5643917455 1 2 2 2 7 1 9 1
1898614428 2 3 7 1 9 1
-454025105 1 3 3 1 7 1 9 1
4537050457 1 1 2 1 3 1 7 1 9 1
-308641877 3 2 7 1 9 1
984409963 1 2 4 1 7 1 9 1
-1336386965 2 1 4 1 7 1 9 1
-617580914 1 1 5 1 7 1 9 1
206863074 6 1 7 1 9 1
-1180655088 1 5 8 1 9 1
403102946 1 3 2 1 8 1 9 1
4595011994 1 1 2 2 8 1 9 1
1001057984 1 2 3 1 8 1 9 1
-1292380766 2 1 3 1 8 1 9 1
-1061285230 1 1 4 1 8 1 9 1
205507500 5 1 8 1 9 1
246667114 1 4 9 2
544342083 1 2 2 1 9 2
-412055661 2 2 9 2
-311972875 1 1 3 1 9 2
106762535 4 1 9 2
-641011970 1 12 10 1
6647777772 1 10 2 1 10 1
-23443938671 1 8 2 2 10 1
29915841337 1 6 2 3 10 1
-2062114580 1 4 2 4 10 1
-15004323799 1 2 2 5 10 1
3848640286 2 6 10 1
-4338019685 1 9 3 1 10 1
23927796332 1 7 2 1 3 1 10 1
-24909988783 1 5 2 2 3 1 10 1
-27016204149 1 3 2 3 3 1 10 1
27350316035 1 1 2 4 3 1 10 1
-5183006973 1 6 3 2 10 1
422424267 1 4 2 1 3 2 10 1
26163963819 1 2 2 2 3 2 10 1
-6116384951 2 3 3 2 10 1
1546015977 1 3 3 3 10 1
-5240630361 1 1 2 1 3 3 10 1
155657407 3 4 10 1
3902345275 1 8 4 1 10 1
-18425112700 1 6 2 1 4 1 10 1
12137906414 1 4 2 2 4 1 10 1
21987537651 1 2 2 3 4 1 10 1
-11423667019 2 4 4 1 10 1
6623335677 1 5 3 1 4 1 10 1
8142130519 1 3 2 1 3 1 4 1 10 1
-31717659798 1 1 2 2 3 1 4 1 10 1
-4524029676 1 2 3 2 4 1 10 1
3865346033 2 1 3 2 4 1 10 1
-2111656675 1 4 4 2 10 1
-4569358329 1 2 2 1 4 2 10 1
7330675140 2 2 4 2 10 1
3307553000 1 1 3 1 4 2 10 1
-566391890 4 3 10 1
-2523311030 1 7 5 1 10 1
7856610190 1 5 2 1 5 1 10 1
3891710466 1 3 2 2 5 1 10 1
-12232769902 1 1 2 3 5 1 10 1
-1582681004 1 4 3 1 5 1 10 1
-10078648090 1 2 2 1 3 1 5 1 10 1
4593630200 2 2 3 1 5 1 10 1
1889125198 1 1 3 2 5 1 10 1
133828238 1 3 4 1 5 1 10 1
7730692066 1 1 2 1 4 1 5 1 10 1
-1060988070 3 1 4 1 5 1 10 1
490155992 1 2 5 2 10 1
-645499486 2 1 5 2 10 1
2190602560 1 6 6 1 10 1
-5185726960 1 4 2 1 6 1 10 1
-4741626949 1 2 2 2 6 1 10 1
5740525274 2 3 6 1 10 1
119940309 1 3 3 1 6 1 10 1
7671515113 1 1 2 1 3 1 6 1 10 1
-519198091 3 2 6 1 10 1
413204641 1 2 4 1 6 1 10 1
-4042318059 2 1 4 1 6 1 10 1
-1038396182 1 1 5 1 6 1 10 1
313161384 6 2 10 1
-1180655088 1 5 7 1 10 1
402612632 1 3 2 1 7 1 10 1
4593630200 1 1 2 2 7 1 10 1
1001548298 1 2 3 1 7 1 10 1
-1290998972 2 1 3 1 7 1 10 1
-1060988070 1 1 4 1 7 1 10 1
205210340 5 1 7 1 10 1
952268132 1 4 8 1 10 1
269859786 1 2 2 1 8 1 10 1
-2478519906 2 2 8 1 10 1
-1052970500 1 1 3 1 8 1 10 1
642252660 4 1 8 1 10 1
-264947272 1 3 9 1 10 1
-1290998972 1 1 2 1 9 1 10 1
205210340 3 1 9 1 10 1
73771913 1 2 10 2
407286423 2 1 10 2
538343190 1 11 11 1
-4877409222 1 9 2 1 11 1
13796109239 1 7 2 2 11 1
-10304357340 1 5 2 3 11 1
-7123509611 1 3 2 4 11 1
6413162820 1 1 2 5 11 1
3008339415 1 8 3 1 11 1
-12237770345 1 6 2 1 3 1 11 1
1753537560 1 4 2 2 3 1 11 1
19777208671 1 2 2 3 3 1 11 1
-3693879114 2 4 3 1 11 1
2029758894 1 5 3 2 11 1
4916065997 1 3 2 1 3 2 11 1
-9294902955 1 1 2 2 3 2 11 1
-1152036753 1 2 3 3 11 1
752654700 2 1 3 3 11 1
-2572665005 1 7 4 1 11 1
8071416643 1 5 2 1 4 1 11 1
3839687985 1 3 2 2 4 1 11 1
-12525040033 1 1 2 3 4 1 11 1
-1653169449 1 4 3 1 4 1 11 1
-10234440821 1 2 2 1 3 1 4 1 11 1
4731987252 2 2 3 1 4 1 11 1
1936278602 1 1 3 2 4 1 11 1
84182312 1 3 4 2 11 1
3962504910 1 1 2 1 4 2 11 1
-547389260 3 1 4 2 11 1
1519689570 1 6 5 1 11 1
-2167981508 1 4 2 1 5 1 11 1
-5667908755 1 2 2 2 5 1 11 1
1898614428 2 3 5 1 11 1
-456264293 1 3 3 1 5 1 11 1
4546150545 1 1 2 1 3 1 5 1 11 1
-308939037 3 2 5 1 11 1
989899557 1 2 4 1 5 1 11 1
-1336386965 2 1 4 1 5 1 11 1
-309468244 1 1 5 2 11 1
-1186981100 1 5 6 1 11 1
412315780 1 3 2 1 6 1 11 1
4617621500 1 1 2 2 6 1 11 1
1003787486 1 2 3 1 6 1 11 1
-1299801900 2 1 3 1 6 1 11 1
-1066774824 1 1 4 1 6 1 11 1
206863074 5 1 6 1 11 1
493824542 1 4 7 1 11 1
1090065960 1 2 2 1 7 1 11 1
-824111322 2 2 7 1 11 1
-624242910 1 1 3 1 7 1 11 1
213525070 4 1 7 1 11 1
-265437586 1 3 8 1 11 1
-1292380766 1 1 2 1 8 1 11 1
205507500 3 1 8 1 11 1
-87806894 1 2 9 1 11 1
271215786 2 1 9 1 11 1
205210340 1 1 10 1 11 1
-25635390 11 2
-538343190 1 10 12 1
4441734812 1 8 2 1 12 1
-10816736637 1 6 2 2 12 1
5388885161 1 4 2 3 12 1
5986553579 1 2 2 4 12 1
-2719283706 2 5 12 1
-2572665005 1 7 3 1 12 1
8039030504 1 5 2 1 3 1 12 1
3890277566 1 3 2 2 3 1 12 1
-12402955987 1 1 2 3 3 1 12 1
-810391655 1 4 3 2 12 1
-5128364773 1 2 2 1 3 2 12 1
2304951603 2 2 3 2 12 1
635992582 1 1 3 3 12 1
2239956535 1 6 4 1 12 1
-5361821262 1 4 2 1 4 1 12 1
-4747137105 1 2 2 2 4 1 12 1
5894438353 2 3 4 1 12 1
151716603 1 3 3 1 4 1 12 1
7851050031 1 1 2 1 3 1 4 1 12 1
-532561045 3 2 4 1 12 1
197903295 1 2 4 2 12 1
-2078728685 2 1 4 2 12 1
-1186981100 1 5 5 1 12 1
409555688 1 3 2 1 5 1 12 1
4609903206 1 1 2 2 5 1 12 1
1006547578 1 2 3 1 5 1 12 1
-1292083606 2 1 3 1 5 1 12 1
-1065122090 1 1 4 1 5 1 12 1
102605170 5 2 12 1
958594144 1 4 6 1 12 1
263407044 1 2 2 1 6 1 12 1
-2493708278 2 2 6 1 12 1
-1058460094 1 1 3 1 6 1 12 1
646386680 4 1 6 1 12 1
-265437586 1 3 7 1 12 1
-1292083606 1 1 2 1 7 1 12 1
205210340 3 1 7 1 12 1
148034140 1 2 8 1 12 1
815657480 2 1 8 1 12 1
205210340 1 1 9 1 12 1
-153939560 10 1 12 1
435674410 1 9 13 1
-2979372602 1 7 2 1 13 1
4915472179 1 5 2 2 13 1
1136956032 1 3 2 3 13 1
-3693879114 1 1 2 4 13 1
1552075709 1 6 3 1 13 1
-2218571089 1 4 2 1 3 1 13 1
-5789992801 1 2 2 2 3 1 13 1
1898614428 2 3 3 1 13 1
-233958564 1 3 3 2 13 1
2295904739 1 1 2 1 3 2 13 1
-103431537 3 3 13 1
-1219367239 1 5 4 1 13 1
460145269 1 3 2 1 4 1 13 1
4731987252 1 1 2 2 4 1 13 1
1018200413 1 2 3 1 4 1 13 1
-1336386965 2 1 3 1 4 1 13 1
-547389260 1 1 4 2 13 1
496584634 1 4 5 1 13 1
1097784254 1 2 2 1 5 1 13 1
-824111322 2 2 5 1 13 1
-625895644 1 1 3 1 5 1 13 1
213525070 4 1 5 1 13 1
-268197678 1 3 6 1 13 1
-1299801900 1 1 2 1 6 1 13 1
206863074 3 1 6 1 13 1
-88104054 1 2 7 1 13 1
271215786 2 1 7 1 13 1
205507500 1 1 8 1 13 1
-51270780 9 1 13 1
-435674410 1 8 14 1
2646664132 1 6 2 1 14 1
-3425244037 1 4 2 2 14 1
-1584259883 1 2 2 3 14 1
1795264686 2 4 14 1
-1219367239 1 5 3 1 14 1
446257340 1 3 2 1 3 1 14 1
4694046613 1 1 2 2 3 1 14 1
516044171 1 2 3 2 14 1
-649223163 2 1 3 2 14 1
990980283 1 4 4 1 14 1
229465484 1 2 2 1 4 1 14 1
-2571488965 2 2 4 1 14 1
-1086760950 1 1 3 1 4 1 14 1
333864190 4 2 14 1
-268197678 1 3 5 1 14 1
-1298446326 1 1 2 1 5 1 14 1
205507500 3 1 5 1 14 1
150794232 1 2 6 1 14 1
821723040 2 1 6 1 14 1
205507500 1 1 7 1 14 1
-154236720 8 1 14 1
332708470 1 7 15 1
-1490228142 1 5 2 1 15 1
447303851 1 3 2 2 15 1
1898614428 1 1 2 3 15 1
510472563 1 4 3 1 15 1
1135724893 1 2 2 1 3 1 15 1
-824111322 2 2 3 1 15 1
-316956607 1 1 3 2 15 1
-282085607 1 3 4 1 15 1
-1336386965 1 1 2 1 4 1 15 1
213525070 3 1 4 1 15 1
-89459628 1 2 5 1 15 1
271215786 2 1 5 1 15 1
206863074 1 1 6 1 15 1
-51270780 7 1 15 1
-332708470 1 6 16 1
1261841186 1 4 2 1 16 1
-39778705 1 2 2 2 16 1
-1074503106 2 3 16 1
-282085607 1 3 3 1 16 1
-1329724969 1 1 2 1 3 1 16 1
103431537 3 2 16 1
164682161 1 2 4 1 16 1
851646109 2 1 4 1 16 1
206863074 1 1 5 1 16 1
-155592294 6 1 16 1
228386956 1 5 17 1
-407525146 1 3 2 1 17 1
-824111322 1 1 2 2 17 1
-96121624 1 2 3 1 17 1
271215786 2 1 3 1 17 1
213525070 1 1 4 1 17 1
-51270780 5 1 17 1
-228386956 1 4 18 1
290121700 1 2 2 1 18 1
552895536 2 2 18 1
213525070 1 1 3 1 18 1
-162254290 4 1 18 1
117403446 1 3 19 1
271215786 1 1 2 1 19 1
-51270780 3 1 19 1
-117403446 1 2 20 1
-219945006 2 1 20 1
-51270780 1 1 21 1
51270780 22 1
