18613452051997183180800000
51270780 1 21 2 1
-1076686380 1 19 2 2
9690177420 1 17 2 3
-48809782560 1 15 2 4
150736093200 1 13 2 5
-293935381740 1 11 2 6
359254355460 1 9 2 7
-263941975440 1 7 2 8
106591951620 1 5 2 9
-19739250300 1 3 2 10
1076686380 1 1 2 11
-51270780 1 20 3 1
1933427754 1 18 2 1 3 1
-23983564992 1 16 2 2 3 1
147336985580 1 14 2 3 3 1
-512883430864 1 12 2 4 3 1
1057317488854 1 10 2 5 3 1
-1280719794288 1 8 2 6 3 1
860047226214 1 6 2 7 3 1
-278934177560 1 4 2 8 3 1
30839760714 1 2 2 9 3 1
-856741374 1 17 3 2
19449493260 1 15 2 1 3 2
-162803877474 1 13 2 2 3 2
674354449924 1 11 2 3 3 2
-1506771336730 1 9 2 4 3 2
1812676381758 1 7 2 5 3 2
-1082882532560 1 5 2 6 3 2
257146951304 1 3 2 7 3 2
-11100510414 1 1 2 8 3 2
-5156105688 1 14 3 3
77761425342 1 12 2 1 3 3
-425753931900 1 10 2 2 3 3
1077975160020 1 8 2 3 3 3
-1296067006510 1 6 2 4 3 3
661176939078 1 4 2 5 3 3
-97107156192 1 2 2 6 3 3
-13484750888 1 11 3 4
128093036170 1 9 2 1 3 4
-402867383410 1 7 2 2 3 4
492324169070 1 5 2 3 3 4
-200598283720 1 3 2 4 3 4
12302430828 1 1 2 5 3 4
-14546216530 1 8 3 5
73200196144 1 6 2 1 3 5
-95443493430 1 4 2 2 3 5
27424404510 1 2 2 3 3 5
-4918743138 1 5 3 6
8187514694 1 3 2 1 3 6
-1225778082 1 1 2 2 3 6
-212126754 1 2 3 7
51270780 1 19 4 1
-1882156974 1 17 2 1 4 1
22263662308 1 15 2 2 4 1
-128628674846 1 13 2 3 4 1
414657064832 1 11 2 4 4 1
-775772821890 1 9 2 5 4 1
828453618498 1 7 2 6 4 1
-468875907616 1 5 2 7 4 1
118480587876 1 3 2 8 4 1
-8638739886 1 1 2 9 4 1
1662211968 1 16 3 1 4 1
-35730396938 1 14 2 1 3 1 4 1
278941143925 1 12 2 2 3 1 4 1
-1057553112088 1 10 2 3 3 1 4 1
2106046829106 1 8 2 4 3 1 4 1
-2165533752204 1 6 2 5 3 1 4 1
1024625340577 1 4 2 6 3 1 4 1
-159626000540 1 2 2 7 3 1 4 1
14019630166 1 13 3 2 4 1
-195251874860 1 11 2 1 3 2 4 1
964308631176 1 9 2 2 3 2 4 1
-2124816712888 1 7 2 3 3 2 4 1
2089189821464 1 5 2 4 3 2 4 1
-762160571288 1 3 2 5 3 2 4 1
47897432880 1 1 2 6 3 2 4 1
43864902675 1 10 3 3 4 1
-368926329212 1 8 2 1 3 3 4 1
977671140689 1 6 2 2 3 3 4 1
-914733768806 1 4 2 3 3 3 4 1
221293676839 1 2 2 4 3 3 4 1
49309009978 1 7 3 4 4 1
-199776574624 1 5 2 1 3 4 4 1
179494156758 1 3 2 2 3 4 4 1
-20069736018 1 1 2 3 3 4 4 1
13928855901 1 4 3 5 4 1
-13233562178 1 2 2 1 3 5 4 1
212126754 1 1 3 6 4 1
-805470594 1 15 4 2
16384335215 1 13 2 1 4 2
-119024662940 1 11 2 2 4 2
411426945204 1 9 2 3 4 2
-725831192062 1 7 2 4 4 2
632248902011 1 5 2 5 4 2
-234331683100 1 3 2 6 4 2
24191067084 1 1 2 7 4 2
-12674374805 1 12 3 1 4 2
162345043509 1 10 2 1 3 1 4 2
-718150405104 1 8 2 2 3 1 4 2
1359811863839 1 6 2 3 3 1 4 2
-1065262594753 1 4 2 4 3 1 4 2
256661242797 1 2 2 5 3 1 4 2
-52924376023 1 9 3 2 4 2
389430750003 1 7 2 1 3 2 4 2
-848849378661 1 5 2 2 3 2 4 2
571326061930 1 3 2 3 3 2 4 2
-59151800367 1 1 2 4 3 2 4 2
-64417198587 1 6 3 3 4 2
200979510588 1 4 2 1 3 3 4 2
-107640205322 1 2 2 2 3 3 4 2
-14246267350 1 3 3 4 4 2
5258174238 1 1 2 1 3 4 4 2
3810850327 1 11 4 3
-44751162454 1 9 2 1 4 3
176341290423 1 7 2 2 4 3
-284500133416 1 5 2 3 4 3
175614639983 1 3 2 4 4 3
-28171972842 1 1 2 5 4 3
28089616036 1 8 3 1 4 3
-178698480940 1 6 2 1 3 1 4 3
312426029080 1 4 2 2 3 1 4 3
-139908906452 1 2 2 3 3 1 4 3
40357940488 1 5 3 2 4 3
-91176292192 1 3 2 1 3 2 4 3
20872328292 1 1 2 2 3 2 4 3
6225282142 1 2 3 3 4 3
-5545391800 1 7 4 4
30256681386 1 5 2 1 4 4
-41952676758 1 3 2 2 4 4
12565001010 1 1 2 3 4 4
-12124899884 1 4 3 1 4 4
18375112745 1 2 2 1 3 1 4 4
-989127555 1 1 3 2 4 4
1421364535 1 3 4 5
-1446295254 1 1 2 1 4 5
-51270780 1 18 5 1
1719902684 1 16 2 1 5 1
-18708310734 1 14 2 2 5 1
98226366032 1 12 2 3 5 1
-281544666964 1 10 2 4 5 1
452266175790 1 8 2 5 5 1
-391171318598 1 6 2 6 5 1
160453589684 1 4 2 7 5 1
-22201020828 1 2 2 8 5 1
-1499957678 1 15 3 1 5 1
29471339899 1 13 2 1 3 1 5 1
-207098101312 1 11 2 2 3 1 5 1
687758780104 1 9 2 3 3 1 5 1
-1147060209632 1 7 2 4 3 1 5 1
911959632751 1 5 2 5 3 1 5 1
-281028971060 1 3 2 6 3 1 5 1
15449000612 1 1 2 7 3 1 5 1
-11315924701 1 12 3 2 5 1
140201227111 1 10 2 1 3 2 5 1
-595108532568 1 8 2 2 3 2 5 1
1062238760517 1 6 2 3 3 2 5 1
-754673193385 1 4 2 4 3 2 5 1
148473710915 1 2 2 5 3 2 5 1
-30254988725 1 9 3 3 5 1
213353974829 1 7 2 1 3 3 5 1
-437261019807 1 5 2 2 3 3 5 1
265714790466 1 3 2 3 3 3 5 1
-22711132033 1 1 2 4 3 3 5 1
-26254820087 1 6 3 4 5 1
76853275558 1 4 2 1 3 4 5 1
-37123004698 1 2 2 2 3 4 5 1
-4317698720 1 3 3 5 5 1
1444453178 1 1 2 1 3 5 5 1
1448686898 1 14 4 1 5 1
-26723138461 1 12 2 1 4 1 5 1
172891618966 1 10 2 2 4 1 5 1
-514877070872 1 8 2 3 4 1 5 1
739044721376 1 6 2 4 4 1 5 1
-469147315701 1 4 2 5 4 1 5 1
95794865760 1 2 2 6 4 1 5 1
20154863750 1 11 3 1 4 1 5 1
-226623075953 1 9 2 1 3 1 4 1 5 1
842774200087 1 7 2 2 3 1 4 1 5 1
-1239698748237 1 5 2 3 3 1 4 1 5 1
635451219060 1 3 2 4 3 1 4 1 5 1
-53841723537 1 1 2 5 3 1 4 1 5 1
70367958930 1 8 3 2 4 1 5 1
-421171060955 1 6 2 1 3 2 4 1 5 1
666342479573 1 4 2 2 3 2 4 1 5 1
-242369128510 1 2 2 3 3 2 4 1 5 1
62588187061 1 5 3 3 4 1 5 1
-127272005674 1 3 2 1 3 3 4 1 5 1
23990523494 1 1 2 2 3 3 4 1 5 1
6430813235 1 2 3 4 4 1 5 1
-8942370586 1 10 4 2 5 1
90704563001 1 8 2 1 4 2 5 1
-292151094016 1 6 2 2 4 2 5 1
345554809422 1 4 2 3 4 2 5 1
-118303600734 1 2 2 4 4 2 5 1
-53604442681 1 7 3 1 4 2 5 1
266204442420 1 5 2 1 3 1 4 2 5 1
-306005930298 1 3 2 2 3 1 4 2 5 1
47904245828 1 1 2 3 3 1 4 2 5 1
-51979410764 1 4 3 2 4 2 5 1
63544463678 1 2 2 1 3 2 4 2 5 1
-2268771922 1 1 3 3 4 2 5 1
13388040939 1 6 4 3 5 1
-53889802394 1 4 2 1 4 3 5 1
41744656584 1 2 2 2 4 3 5 1
17468641493 1 3 3 1 4 3 5 1
-9165381365 1 1 2 1 3 1 4 3 5 1
-1978255110 1 2 4 4 5 1
-643216304 1 13 5 2
10672667436 1 11 2 1 5 2
-60670217721 1 9 2 2 5 2
152096297341 1 7 2 3 5 2
-169940208113 1 5 2 4 5 2
70824593432 1 3 2 5 5 2
-5130901553 1 1 2 6 5 2
-7814353135 1 10 3 1 5 2
75805827149 1 8 2 1 3 1 5 2
-229688149738 1 6 2 2 3 1 5 2
245862306357 1 4 2 3 3 1 5 2
-68417548403 1 2 2 4 3 1 5 2
-22168115917 1 7 3 2 5 2
103261180583 1 5 2 1 3 2 5 2
-106821484178 1 3 2 2 3 2 5 2
13737318524 1 1 2 3 3 2 5 2
-13273675023 1 4 3 3 5 2
14575672444 1 2 2 1 3 3 5 2
-388083137 1 1 3 4 5 2
6786054381 1 9 4 1 5 2
-58136044085 1 7 2 1 4 1 5 2
146502216204 1 5 2 2 4 1 5 2
-114367619302 1 3 2 3 4 1 5 2
13821293083 1 1 2 4 4 1 5 2
31841714014 1 6 3 1 4 1 5 2
-115636775564 1 4 2 1 3 1 4 1 5 2
72305818258 1 2 2 2 3 1 4 1 5 2
18315109307 1 3 3 2 4 1 5 2
-7866036051 1 1 2 1 3 2 4 1 5 2
-11068915767 1 5 4 2 5 2
29564562119 1 3 2 1 4 2 5 2
-8012583651 1 1 2 2 4 2 5 2
-6841463354 1 2 3 1 4 2 5 2
556890575 1 1 4 3 5 2
-1654534122 1 8 5 3
11616251648 1 6 2 1 5 3
-21474749741 1 4 2 2 5 3
9173991254 1 2 2 3 5 3
-5760495479 1 5 3 1 5 3
13784583649 1 3 2 1 3 1 5 3
-3045610653 1 1 2 2 3 1 5 3
-1565071466 1 2 3 2 5 3
3588884027 1 4 4 1 5 3
-5253993315 1 2 2 1 4 1 5 3
633247785 1 1 3 1 4 1 5 3
-362617399 1 3 5 4
187026164 1 1 2 1 5 4
51270780 1 17 6 1
-1668631904 1 15 2 1 6 1
17195271124 1 13 2 2 6 1
-84057686448 1 11 2 3 6 1
219737064250 1 9 2 4 6 1
-312758801680 1 7 2 5 6 1
229180091792 1 5 2 6 6 1
-73638931008 1 3 2 7 6 1
6752020216 1 1 2 8 6 1
1448686898 1 14 3 1 6 1
-26716476465 1 12 2 1 3 1 6 1
172751937413 1 10 2 2 3 1 6 1
-514000234604 1 8 2 3 3 1 6 1
736772437549 1 6 2 4 3 1 6 1
-466697052561 1 4 2 5 3 1 6 1
94950324781 1 2 2 6 3 1 6 1
10074100877 1 11 3 2 6 1
-113190826743 1 9 2 1 3 2 6 1
420444418122 1 7 2 2 3 2 6 1
-617301887667 1 5 2 3 3 2 6 1
315384667575 1 3 2 4 3 2 6 1
-26498591279 1 1 2 5 3 2 6 1
23422072672 1 8 3 3 6 1
-139969586009 1 6 2 1 3 3 6 1
220870034834 1 4 2 2 3 3 6 1
-79929281834 1 2 2 3 3 3 6 1
15583602927 1 5 3 4 6 1
-31573827266 1 3 2 1 3 4 6 1
5910215314 1 1 2 2 3 4 6 1
1272760524 1 2 3 5 6 1
-1397416118 1 13 4 1 6 1
24173782527 1 11 2 1 4 1 6 1
-143476104481 1 9 2 2 4 1 6 1
380770619502 1 7 2 3 4 1 6 1
-465825025819 1 5 2 4 4 1 6 1
233053710079 1 3 2 5 4 1 6 1
-31691339117 1 1 2 6 4 1 6 1
-17876723602 1 10 3 1 4 1 6 1
181171490439 1 8 2 1 3 1 4 1 6 1
-582721118513 1 6 2 2 3 1 4 1 6 1
687675129929 1 4 2 3 3 1 4 1 6 1
-234506600566 1 2 2 4 3 1 4 1 6 1
-53507776579 1 7 3 2 4 1 6 1
265205536941 1 5 2 1 3 2 4 1 6 1
-303785955210 1 3 2 2 3 2 4 1 6 1
47114429324 1 1 2 3 3 2 4 1 6 1
-34467907679 1 4 3 3 4 1 6 1
41899573058 1 2 2 1 3 3 4 1 6 1
-1117103117 1 1 3 4 4 1 6 1
7906054262 1 9 4 2 6 1
-71954438818 1 7 2 1 4 2 6 1
198884218967 1 5 2 2 4 2 6 1
-186651939308 1 3 2 3 4 2 6 1
42756768740 1 1 2 4 4 2 6 1
40073887101 1 6 3 1 4 2 6 1
-160920990816 1 4 2 1 3 1 4 2 6 1
124119101378 1 2 2 2 3 1 4 2 6 1
26018213463 1 3 3 2 4 2 6 1
-13509931715 1 1 2 1 3 2 4 2 6 1
-9884751657 1 5 4 3 6 1
31807994851 1 3 2 1 4 3 6 1
-16554107917 1 1 2 2 4 3 6 1
-7842725264 1 2 3 1 4 3 6 1
864473960 1 1 4 4 6 1
1235161828 1 12 5 1 6 1
-19009504008 1 10 2 1 5 1 6 1
97545134566 1 8 2 2 5 1 6 1
-211888085748 1 6 2 3 5 1 6 1
190413602242 1 4 2 4 5 1 6 1
-52997182558 1 2 2 5 5 1 6 1
13564091192 1 9 3 1 5 1 6 1
-116064109037 1 7 2 1 3 1 5 1 6 1
291880787027 1 5 2 2 3 1 5 1 6 1
-226985021404 1 3 2 3 3 1 5 1 6 1
27121618272 1 1 2 4 3 1 5 1 6 1
31759876127 1 6 3 2 5 1 6 1
-114998135346 1 4 2 1 3 2 5 1 6 1
71458437147 1 2 2 2 3 2 5 1 6 1
12112742169 1 3 3 3 5 1 6 1
-5157303845 1 1 2 1 3 3 5 1 6 1
-11713001184 1 8 4 1 5 1 6 1
87614891987 1 6 2 1 4 1 5 1 6 1
-179067443117 1 4 2 2 4 1 5 1 6 1
94228858648 1 2 2 3 4 1 5 1 6 1
-44128982086 1 5 3 1 4 1 5 1 6 1
117381619783 1 3 2 1 3 1 4 1 5 1 6 1
-31411746895 1 1 2 2 3 1 4 1 5 1 6 1
-13518022320 1 2 3 2 4 1 5 1 6 1
14850802262 1 4 4 2 5 1 6 1
-27019863430 1 2 2 1 4 2 5 1 6 1
3271048274 1 1 3 1 4 2 5 1 6 1
4140811112 1 7 5 2 6 1
-24394293684 1 5 2 1 5 2 6 1
33179238347 1 3 2 2 5 2 6 1
-6128380601 1 1 2 3 5 2 6 1
10710206815 1 4 3 1 5 2 6 1
-15557982848 1 2 2 1 3 1 5 2 6 1
931823681 1 1 3 2 5 2 6 1
-6155072123 1 3 4 1 5 2 6 1
3872640874 1 1 2 1 4 1 5 2 6 1
622629628 1 2 5 3 6 1
-591945524 1 11 6 2
8439441742 1 9 2 1 6 2
-38926999355 1 7 2 2 6 2
72718245635 1 5 2 3 6 2
-52005309528 1 3 2 4 6 2
9731200733 1 1 2 5 6 2
-5852343227 1 8 3 1 6 2
43716947422 1 6 2 1 3 1 6 2
-89136503359 1 4 2 2 3 1 6 2
46700367569 1 2 2 3 3 1 6 2
-10998343234 1 5 3 2 6 2
29142821216 1 3 2 1 3 2 6 2
-7712975554 1 1 2 2 3 2 6 2
-2227524757 1 2 3 3 6 2
5029551973 1 7 4 1 6 2
-32629400766 1 5 2 1 4 1 6 2
53500006504 1 3 2 2 4 1 6 2
-19017655259 1 1 2 3 4 1 6 2
14792321450 1 4 3 1 4 1 6 2
-26784099929 1 2 2 1 3 1 4 1 6 2
1604895129 1 1 3 2 4 1 6 2
-4880356849 1 3 4 2 6 2
6020514249 1 1 2 1 4 2 6 2
-3420625028 1 6 5 1 6 2
16559742673 1 4 2 1 5 1 6 2
-15425951108 1 2 2 2 5 1 6 2
-6113337956 1 3 3 1 5 1 6 2
3787999425 1 1 2 1 3 1 5 1 6 2
3209790258 1 2 4 1 5 1 6 2
-260012229 1 1 5 2 6 2
934348038 1 5 6 3
-3679095467 1 3 2 1 6 3
2340110061 1 1 2 2 6 3
1061021450 1 2 3 1 6 3
-540996992 1 1 4 1 6 3
-51270780 1 16 7 1
1513039610 1 14 2 1 7 1
-14168679584 1 12 2 2 7 1
61807602714 1 10 2 3 7 1
-139507374110 1 8 2 4 7 1
161991226806 1 6 2 5 7 1
-86814658676 1 4 2 6 7 1
15449000612 1 2 2 7 7 1
-1293094604 1 13 3 1 7 1
21485016425 1 11 2 1 3 1 7 1
-122217271710 1 9 2 2 3 1 7 1
306464878509 1 7 2 3 3 1 7 1
-342330679366 1 5 2 4 3 1 7 1
142493727843 1 3 2 5 3 1 7 1
-10261803106 1 1 2 6 3 1 7 1
-7869232377 1 10 3 2 7 1
76378038261 1 8 2 1 3 2 7 1
-231422485277 1 6 2 2 3 2 7 1
247531573056 1 4 2 3 3 2 7 1
-68701700707 1 2 2 4 3 2 7 1
-14893866159 1 7 3 3 7 1
69353553318 1 5 2 1 3 3 7 1
-71638255504 1 3 2 2 3 3 7 1
9173991254 1 1 2 3 3 3 7 1
-6683837126 1 4 3 4 7 1
7321076121 1 2 2 1 3 4 7 1
-155657407 1 1 3 5 7 1
1241823824 1 12 4 1 7 1
-19149185561 1 10 2 1 4 1 7 1
98421970834 1 8 2 2 4 1 7 1
-214160369575 1 6 2 3 4 1 7 1
192863865382 1 4 2 4 4 1 7 1
-53841723537 1 2 2 5 4 1 7 1
13673849676 1 9 3 1 4 1 7 1
-117207175687 1 7 2 1 3 1 4 1 7 1
295332008695 1 5 2 2 3 1 4 1 7 1
-230267534898 1 3 2 3 3 1 4 1 7 1
27642586166 1 1 2 4 3 1 4 1 7 1
32103887196 1 6 3 2 4 1 7 1
-116509253608 1 4 2 1 3 2 4 1 7 1
72640066034 1 2 2 2 3 2 4 1 7 1
12291009511 1 3 3 3 4 1 7 1
-5253993315 1 1 2 1 3 3 4 1 7 1
-5908048836 1 8 4 2 7 1
44283714457 1 6 2 1 4 2 7 1
-90725519654 1 4 2 2 4 2 7 1
47904245828 1 2 2 3 4 2 7 1
-22331529783 1 5 3 1 4 2 7 1
59575497060 1 3 2 1 3 1 4 2 7 1
-16025167302 1 1 2 2 3 1 4 2 7 1
-6876610942 1 2 3 2 4 2 7 1
5018077209 1 4 4 3 7 1
-9165381365 1 2 2 1 4 3 7 1
1113781150 1 1 3 1 4 3 7 1
-1079569534 1 11 5 1 7 1
14631293722 1 9 2 1 5 1 7 1
-63603627982 1 7 2 2 5 1 7 1
108504454480 1 5 2 3 5 1 7 1
-64698789516 1 3 2 4 5 1 7 1
6413162820 1 1 2 5 5 1 7 1
-10007603946 1 8 3 1 5 1 7 1
70282730352 1 6 2 1 3 1 5 1 7 1
-129837840778 1 4 2 2 3 1 5 1 7 1
55288880941 1 2 2 3 3 1 5 1 7 1
-17426295748 1 5 3 2 5 1 7 1
41631179569 1 3 2 1 3 2 5 1 7 1
-9148827609 1 1 2 2 3 2 5 1 7 1
-3145626647 1 2 3 3 5 1 7 1
8363377012 1 7 4 1 5 1 7 1
-49389604508 1 5 2 1 4 1 5 1 7 1
67389249248 1 3 2 2 4 1 5 1 7 1
-12525040033 1 1 2 3 4 1 5 1 7 1
21718110634 1 4 3 1 4 1 5 1 7 1
-31680651507 1 2 2 1 3 1 4 1 5 1 7 1
1902488152 1 1 3 2 4 1 5 1 7 1
-6254313098 1 3 4 2 5 1 7 1
3962504910 1 1 2 1 4 2 5 1 7 1
-2789192366 1 6 5 2 7 1
12182846376 1 4 2 1 5 2 7 1
-9160823259 1 2 2 2 5 2 7 1
-4384808491 1 3 3 1 5 2 7 1
2245695762 1 1 2 1 3 1 5 2 7 1
1905232949 1 2 4 1 5 2 7 1
-102605170 1 1 5 3 7 1
1028298754 1 10 6 1 7 1
-12707536272 1 8 2 1 6 1 7 1
48354628000 1 6 2 2 6 1 7 1
-67126457736 1 4 2 3 6 1 7 1
27121618272 1 2 2 4 6 1 7 1
8355062282 1 7 3 1 6 1 7 1
-49236986007 1 5 2 1 3 1 6 1 7 1
66894330073 1 3 2 2 3 1 6 1 7 1
-12256761202 1 1 2 3 3 1 6 1 7 1
10805440063 1 4 3 2 6 1 7 1
-15644054161 1 2 2 1 3 2 6 1 7 1
622629628 1 1 3 3 6 1 7 1
-6916342848 1 6 4 1 6 1 7 1
33582473667 1 4 2 1 4 1 6 1 7 1
-31411746895 1 2 2 2 4 1 6 1 7 1
-12422929162 1 3 3 1 4 1 6 1 7 1
7745281748 1 1 2 1 3 1 4 1 6 1 7 1
3271048274 1 2 4 2 6 1 7 1
4344875638 1 5 5 1 6 1 7 1
-14178775520 1 3 2 1 5 1 6 1 7 1
4617621500 1 1 2 2 5 1 6 1 7 1
3758262154 1 2 3 1 5 1 6 1 7 1
-1066774824 1 1 4 1 5 1 6 1 7 1
-1658288442 1 4 6 2 7 1
3787999425 1 2 2 1 6 2 7 1
-520024458 1 1 3 1 6 2 7 1
-436353230 1 9 7 2
4581255914 1 7 2 1 7 2
-13798829375 1 5 2 2 7 2
12841951087 1 3 2 3 7 2
-1846939557 1 1 2 4 7 2
-2815880439 1 6 3 1 7 2
12294266978 1 4 2 1 3 1 7 2
-9209869632 1 2 2 2 3 1 7 2
-2210124492 1 3 3 2 7 2
1124432006 1 1 2 1 3 2 7 2
2199952259 1 5 4 1 7 2
-7207276836 1 3 2 1 4 1 7 2
2365993626 1 1 2 2 4 1 7 2
1916638580 1 2 3 1 4 1 7 2
-273694630 1 1 4 2 7 2
-1237411994 1 4 5 1 7 2
2250245806 1 2 2 1 5 1 7 2
-307964090 1 1 3 1 5 1 7 2
826694154 1 3 6 1 7 2
-649900950 1 1 2 1 6 1 7 2
-102753750 1 2 7 3
51270780 1 15 8 1
-1461768830 1 13 2 1 8 1
12861147474 1 11 2 2 8 1
-51541273790 1 9 2 3 8 1
103822893574 1 7 2 4 8 1
-102931900824 1 5 2 5 8 1
43584918436 1 3 2 6 8 1
-5187197506 1 1 2 7 8 1
1241823824 1 12 3 1 8 1
-19141167991 1 10 2 1 3 1 8 1
98286076185 1 8 2 2 3 1 8 1
-213514387573 1 6 2 3 3 1 8 1
191756952754 1 4 2 4 3 1 8 1
-53273418929 1 2 2 5 3 1 8 1
6832916053 1 9 3 2 8 1
-58490522661 1 7 2 1 3 2 8 1
147037431655 1 5 2 2 3 2 8 1
-114147253128 1 3 2 3 3 2 8 1
13537140779 1 1 2 4 3 2 8 1
10671217160 1 6 3 3 8 1
-38595611166 1 4 2 1 3 3 8 1
23891713263 1 2 2 2 3 3 8 1
3044938196 1 3 3 4 8 1
-1288795771 1 1 2 1 3 4 8 1
-1190553044 1 11 4 1 8 1
17010547467 1 9 2 1 4 1 8 1
-78596295903 1 7 2 2 4 1 8 1
147080242505 1 5 2 3 4 1 8 1
-105409989472 1 3 2 4 4 1 8 1
19785974551 1 1 2 5 4 1 8 1
-11806427368 1 8 3 1 4 1 8 1
88352186703 1 6 2 1 3 1 4 1 8 1
-180494263527 1 4 2 2 3 1 4 1 8 1
94800389259 1 2 2 3 3 1 4 1 8 1
-22250461821 1 5 3 2 4 1 8 1
59084071700 1 3 2 1 3 2 4 1 8 1
-15678923876 1 1 2 2 3 2 4 1 8 1
-4522060129 1 2 3 3 4 1 8 1
5076942852 1 7 4 2 8 1
-33007599196 1 5 2 1 4 2 8 1
54253587060 1 3 2 2 4 2 8 1
-19354038493 1 1 2 3 4 2 8 1
14983984153 1 4 3 1 4 2 8 1
-27209341616 1 2 2 1 3 1 4 2 8 1
1632779340 1 1 3 2 4 2 8 1
-3301307955 1 3 4 3 8 1
4089095305 1 1 2 1 4 3 8 1
1028298754 1 10 5 1 8 1
-12706180698 1 8 2 1 5 1 8 1
48337178590 1 6 2 2 5 1 8 1
-67070437832 1 4 2 3 5 1 8 1
27074281558 1 2 2 4 5 1 8 1
8353706708 1 7 3 1 5 1 8 1
-49209805481 1 5 2 1 3 1 5 1 8 1
66804160804 1 3 2 2 3 1 5 1 8 1
-12209424488 1 1 2 3 3 1 5 1 8 1
10795708947 1 4 3 2 5 1 8 1
-15607784035 1 2 2 1 3 2 5 1 8 1
620508867 1 1 3 3 5 1 8 1
-6914690114 1 6 4 1 5 1 8 1
33558152869 1 4 2 1 4 1 5 1 8 1
-31357847752 1 2 2 2 4 1 5 1 8 1
-12407411292 1 3 3 1 4 1 5 1 8 1
7713992111 1 1 2 1 3 1 4 1 5 1 8 1
3265558680 1 2 4 2 5 1 8 1
2171611452 1 5 5 2 8 1
-7080120738 1 3 2 1 5 2 8 1
2297505997 1 1 2 2 5 2 8 1
1874265519 1 2 3 1 5 2 8 1
-530642615 1 1 4 1 5 2 8 1
-977027974 1 9 6 1 8 1
10987633588 1 7 2 1 6 1 8 1
-36371077888 1 5 2 2 6 1 8 1
40666447174 1 3 2 3 6 1 8 1
-11170977956 1 1 2 4 6 1 8 1
-6906375384 1 6 3 1 6 1 8 1
33437478930 1 4 2 1 3 1 6 1 8 1
-31093528923 1 2 2 2 3 1 6 1 8 1
-6165371776 1 3 3 2 6 1 8 1
3782019517 1 1 2 1 3 2 6 1 8 1
5672866290 1 5 4 1 6 1 8 1
-22408511642 1 3 2 1 4 1 6 1 8 1
14316856395 1 1 2 2 4 1 6 1 8 1
6477338668 1 2 3 1 4 1 6 1 8 1
-1656884190 1 1 4 2 6 1 8 1
-3314924150 1 4 5 1 6 1 8 1
7564039034 1 2 2 1 5 1 6 1 8 1
-1035510234 1 1 3 1 5 1 6 1 8 1
1245917868 1 3 6 2 8 1
-1968173067 1 1 2 1 6 2 8 1
821435680 1 8 7 1 8 1
-7649472218 1 6 2 1 7 1 8 1
19020734278 1 4 2 2 7 1 8 1
-12209424488 1 2 2 3 7 1 8 1
4389937054 1 5 3 1 7 1 8 1
-14302476259 1 3 2 1 3 1 7 1 8 1
4595011994 1 1 2 2 3 1 7 1 8 1
1887004437 1 2 3 2 7 1 8 1
-3363291034 1 4 4 1 7 1 8 1
7713992111 1 2 2 1 4 1 7 1 8 1
-1061285230 1 1 3 1 4 1 7 1 8 1
1651735574 1 3 5 1 7 1 8 1
-1292380766 1 1 2 1 5 1 7 1 8 1
-1035510234 1 2 6 1 7 1 8 1
102753750 1 1 7 2 8 1
-385082450 1 7 8 2
3170970054 1 5 2 1 8 2
-6453464573 1 3 2 2 8 2
2857899033 1 1 2 3 8 2
-1676810365 1 4 3 1 8 2
3821427671 1 2 2 1 3 1 8 2
-258538665 1 1 3 2 8 2
1266092525 1 3 4 1 8 2
-2011969575 1 1 2 1 4 1 8 2
-517077330 1 2 5 1 8 2
311569830 1 1 6 1 8 2
-51270780 1 14 9 1
1307532110 1 12 2 1 9 1
-10266328924 1 10 2 2 9 1
35684480536 1 8 2 3 9 1
-59059325982 1 6 2 4 9 1
43229740240 1 4 2 5 9 1
-10261803106 1 2 2 6 9 1
-1087587104 1 11 3 1 9 1
14767188371 1 9 2 1 3 1 9 1
-64249609984 1 7 2 2 3 1 9 1
109611367108 1 5 2 3 3 1 9 1
-65267094124 1 3 2 4 3 1 9 1
6413162820 1 1 2 5 3 1 9 1
-5053754983 1 8 3 2 9 1
35509450115 1 6 2 1 3 2 9 1
-65553007228 1 4 2 2 3 2 9 1
27814243893 1 2 2 3 3 2 9 1
-5869817561 1 5 3 3 9 1
13997351405 1 3 2 1 3 3 9 1
-3057606303 1 1 2 2 3 3 9 1
-791649989 1 2 3 4 9 1
1036316324 1 10 4 1 9 1
-12842075347 1 8 2 1 4 1 9 1
48983160592 1 6 2 2 4 1 9 1
-68177350460 1 4 2 3 4 1 9 1
27642586166 1 2 2 4 4 1 9 1
8453612728 1 7 3 1 4 1 9 1
-49944322625 1 5 2 1 3 1 4 1 9 1
68057744800 1 3 2 2 3 1 4 1 9 1
-12525040033 1 1 2 3 3 1 4 1 9 1
10977213148 1 4 3 2 4 1 9 1
-15948579405 1 2 2 1 3 2 4 1 9 1
635992582 1 1 3 3 4 1 9 1
-3503289282 1 6 4 2 9 1
17063730334 1 4 2 1 4 2 9 1
-16025167302 1 2 2 2 4 2 9 1
-6324608274 1 3 3 1 4 2 9 1
3962504910 1 1 2 1 3 1 4 2 9 1
1113781150 1 2 4 3 9 1
-874062034 1 9 5 1 9 1
9179961238 1 7 2 1 5 1 9 1
-27653678654 1 5 2 2 5 1 9 1
25731238888 1 3 2 3 5 1 9 1
-3693879114 1 1 2 4 5 1 9 1
-5643144728 1 6 3 1 5 1 9 1
24637273003 1 4 2 1 3 1 5 1 9 1
-18443730564 1 2 2 2 3 1 5 1 9 1
-4428156499 1 3 3 2 5 1 9 1
2250245806 1 1 2 1 3 2 5 1 9 1
4409635634 1 5 4 1 5 1 9 1
-14444461515 1 3 2 1 4 1 5 1 9 1
4731987252 1 1 2 2 4 1 5 1 9 1
3838766754 1 2 3 1 4 1 5 1 9 1
-547389260 1 1 4 2 5 1 9 1
-1240210542 1 4 5 2 9 1
2253414056 1 2 2 1 5 2 9 1
-308112670 1 1 3 1 5 2 9 1
822791254 1 8 6 1 9 1
-7666921628 1 6 2 1 6 1 9 1
19076754182 1 4 2 2 6 1 9 1
-12256761202 1 2 2 3 6 1 9 1
4401320904 1 5 3 1 6 1 9 1
-14350918146 1 3 2 1 3 1 6 1 9 1
4617621500 1 1 2 2 3 1 6 1 9 1
1894614792 1 2 3 2 6 1 9 1
-3373319310 1 4 4 1 6 1 9 1
7745281748 1 2 2 1 4 1 6 1 9 1
-1066774824 1 1 3 1 4 1 6 1 9 1
1657629830 1 3 5 1 6 1 9 1
-1299801900 1 1 2 1 5 1 6 1 9 1
-520024458 1 2 6 2 9 1
-667198960 1 7 7 1 9 1
4951899918 1 5 2 1 7 1 9 1
-8355151130 1 3 2 2 7 1 9 1
1898614428 1 1 2 3 7 1 9 1
-2508022234 1 4 3 1 7 1 9 1
4537050457 1 2 2 1 3 1 7 1 9 1
-308641877 1 1 3 2 7 1 9 1
1686883714 1 3 4 1 7 1 9 1
-1336386965 1 1 2 1 4 1 7 1 9 1
-617580914 1 2 5 1 7 1 9 1
206863074 1 1 6 1 7 1 9 1
615928180 1 6 8 1 9 1
-3849875308 1 4 2 1 8 1 9 1
4595011994 1 2 2 2 8 1 9 1
1677213410 1 3 3 1 8 1 9 1
-1292380766 1 1 2 1 3 1 8 1 9 1
-1061285230 1 2 4 1 8 1 9 1
205507500 1 1 5 1 8 1 9 1
-230845730 1 5 9 2
990475084 1 3 2 1 9 2
-412055661 1 1 2 2 9 2
-311972875 1 2 3 1 9 2
106762535 1 1 4 1 9 2
51270780 1 13 10 1
-1256261330 1 11 2 1 10 1
9164007154 1 9 2 2 10 1
-28700880952 1 7 2 3 10 1
40962359504 1 5 2 4 10 1
-23953214790 1 3 2 5 10 1
3848640286 1 1 2 6 10 1
1036316324 1 10 3 1 10 1
-12833760617 1 8 2 1 3 1 10 1
48875603507 1 6 2 2 3 1 10 1
-67831312700 1 4 2 3 3 1 10 1
27350316035 1 2 2 4 3 1 10 1
4222648999 1 7 3 2 10 1
-24888124591 1 5 2 1 3 2 10 1
33749190836 1 3 2 2 3 2 10 1
-6116384951 1 1 2 3 3 2 10 1
3638898930 1 4 3 3 10 1
-5240630361 1 2 2 1 3 3 10 1
155657407 1 1 3 4 10 1
-985045544 1 9 4 1 10 1
11113857933 1 7 2 1 4 1 10 1
-36893706129 1 5 2 2 4 1 10 1
41385891820 1 3 2 3 4 1 10 1
-11423667019 1 1 2 4 4 1 10 1
-6996611100 1 6 3 1 4 1 10 1
33978394839 1 4 2 1 3 1 4 1 10 1
-31717659798 1 2 2 2 3 1 4 1 10 1
-6276628503 1 3 3 2 4 1 10 1
3865346033 1 1 2 1 3 2 4 1 10 1
2877393638 1 5 4 2 10 1
-11410486195 1 3 2 1 4 2 10 1
7330675140 1 1 2 2 4 2 10 1
3307553000 1 2 3 1 4 2 10 1
-566391890 1 1 4 3 10 1
822791254 1 8 5 1 10 1
-7665268894 1 6 2 1 5 1 10 1
19062164500 1 4 2 2 5 1 10 1
-12232769902 1 2 2 3 5 1 10 1
4399668170 1 5 3 1 5 1 10 1
-14330838870 1 3 2 1 3 1 5 1 10 1
4593630200 1 1 2 2 3 1 5 1 10 1
1889125198 1 2 3 2 5 1 10 1
-3371369416 1 4 4 1 5 1 10 1
7730692066 1 2 2 1 4 1 5 1 10 1
-1060988070 1 1 3 1 4 1 5 1 10 1
827839968 1 3 5 2 10 1
-645499486 1 1 2 1 5 2 10 1
-771520474 1 7 6 1 10 1
6357736784 1 5 2 1 6 1 10 1
-12948656528 1 3 2 2 6 1 10 1
5740525274 1 1 2 3 6 1 10 1
-3363351846 1 4 3 1 6 1 10 1
7671515113 1 2 2 1 3 1 6 1 10 1
-519198091 1 1 3 2 6 1 10 1
2540560592 1 3 4 1 6 1 10 1
-4042318059 1 1 2 1 4 1 6 1 10 1
-1038396182 1 2 5 1 6 1 10 1
313161384 1 1 6 2 10 1
615928180 1 6 7 1 10 1
-3849578148 1 4 2 1 7 1 10 1
4593630200 1 2 2 2 7 1 10 1
1676916250 1 3 3 1 7 1 10 1
-1290998972 1 1 2 1 3 1 7 1 10 1
-1060988070 1 2 4 1 7 1 10 1
205210340 1 1 5 1 7 1 10 1
-564657400 1 5 8 1 10 1
2954416612 1 3 2 1 8 1 10 1
-2478519906 1 1 2 2 8 1 10 1
-1052970500 1 2 3 1 8 1 10 1
642252660 1 1 4 1 8 1 10 1
410420680 1 4 9 1 10 1
-1290998972 1 2 2 1 9 1 10 1
205210340 1 1 3 1 9 1 10 1
-179574950 1 3 10 2
407286423 1 1 2 1 10 2
-51270780 1 12 11 1
1102321770 1 10 2 1 11 1
-6983599584 1 8 2 2 11 1
18096966478 1 6 2 3 11 1
-19276525450 1 4 2 4 11 1
6413162820 1 2 2 5 11 1
-882376764 1 9 3 1 11 1
9287518323 1 7 2 1 3 1 11 1
-27999716414 1 5 2 2 3 1 11 1
26023509019 1 3 2 3 3 1 11 1
-3693879114 1 1 2 4 3 1 11 1
-2856814275 1 6 3 2 11 1
12469573921 1 4 2 1 3 2 11 1
-9294902955 1 2 2 2 3 2 11 1
-1492320879 1 3 3 3 11 1
752654700 1 1 2 1 3 3 11 1
831105984 1 8 4 1 11 1
-7772825979 1 6 2 1 4 1 11 1
19408202260 1 4 2 2 4 1 11 1
-12525040033 1 2 2 3 4 1 11 1
4470151992 1 5 3 1 4 1 11 1
-14631060975 1 3 2 1 3 1 4 1 11 1
4731987252 1 1 2 2 3 1 4 1 11 1
1936278602 1 2 3 2 4 1 11 1
-1716769254 1 4 4 2 11 1
3962504910 1 2 2 1 4 2 11 1
-547389260 1 1 3 1 4 2 11 1
-668851694 1 7 5 1 11 1
4966489600 1 5 2 1 5 1 11 1
-8379142430 1 3 2 2 5 1 11 1
1898614428 1 1 2 3 5 1 11 1
-2515461722 1 4 3 1 5 1 11 1
4546150545 1 2 2 1 3 1 5 1 11 1
-308939037 1 1 3 2 5 1 11 1
1692373308 1 3 4 1 5 1 11 1
-1336386965 1 1 2 1 4 1 5 1 11 1
-309468244 1 2 5 2 11 1
617580914 1 6 6 1 11 1
-3864167830 1 4 2 1 6 1 11 1
4617621500 1 2 2 2 6 1 11 1
1684355738 1 3 3 1 6 1 11 1
-1299801900 1 1 2 1 3 1 6 1 11 1
-1066774824 1 2 4 1 6 1 11 1
206863074 1 1 5 1 6 1 11 1
-461988620 1 5 7 1 11 1
1982331962 1 3 2 1 7 1 11 1
-824111322 1 1 2 2 7 1 11 1
-624242910 1 2 3 1 7 1 11 1
213525070 1 1 4 1 7 1 11 1
410717840 1 4 8 1 11 1
-1292380766 1 2 2 1 8 1 11 1
205507500 1 1 3 1 8 1 11 1
-256481120 1 3 9 1 11 1
271215786 1 1 2 1 9 1 11 1
205210340 1 2 10 1 11 1
-25635390 1 1 11 2
51270780 1 11 12 1
-1051050990 1 9 2 1 12 1
6086488154 1 7 2 2 12 1
-13780337994 1 5 2 3 12 1
11893269070 1 3 2 4 12 1
-2719283706 1 1 2 5 12 1
831105984 1 8 3 1 12 1
-7764511249 1 6 2 1 3 1 12 1
19334242471 1 4 2 2 3 1 12 1
-12402955987 1 2 2 3 3 1 12 1
2230918631 1 5 3 2 12 1
-7264400165 1 3 2 1 3 2 12 1
2304951603 1 1 2 2 3 2 12 1
635992582 1 2 3 3 12 1
-779835204 1 7 4 1 12 1
6455326405 1 5 2 1 4 1 12 1
-13207797551 1 3 2 2 4 1 12 1
5894438353 1 1 2 3 4 1 12 1
-3423868204 1 4 3 1 4 1 12 1
7851050031 1 2 2 1 3 1 4 1 12 1
-532561045 1 1 3 2 4 1 12 1
1296381110 1 3 4 2 12 1
-2078728685 1 1 2 1 4 2 12 1
617580914 1 6 5 1 12 1
-3862515096 1 4 2 1 5 1 12 1
4609903206 1 2 2 2 5 1 12 1
1682703004 1 3 3 1 5 1 12 1
-1292083606 1 1 2 1 3 1 5 1 12 1
-1065122090 1 2 4 1 5 1 12 1
102605170 1 1 5 2 12 1
-566310134 1 5 6 1 12 1
2967056400 1 3 2 1 6 1 12 1
-2493708278 1 1 2 2 6 1 12 1
-1058460094 1 2 3 1 6 1 12 1
646386680 1 1 4 1 6 1 12 1
410717840 1 4 7 1 12 1
-1292083606 1 2 2 1 7 1 12 1
205210340 1 1 3 1 7 1 12 1
-359447060 1 3 8 1 12 1
815657480 1 1 2 1 8 1 12 1
205210340 1 2 9 1 12 1
-153939560 1 1 10 1 12 1
-51270780 1 10 13 1
897111430 1 8 2 1 13 1
-4316628484 1 6 2 2 13 1
7383256380 1 4 2 3 13 1
-3693879114 1 2 2 4 13 1
-677166424 1 7 3 1 13 1
5040449389 1 5 2 1 3 1 13 1
-8501226476 1 3 2 2 3 1 13 1
1898614428 1 1 2 3 3 1 13 1
-1276716441 1 4 3 2 13 1
2295904739 1 2 2 1 3 2 13 1
-103431537 1 1 3 3 13 1
625895644 1 6 4 1 13 1
-3936474885 1 4 2 1 4 1 13 1
4731987252 1 2 2 2 4 1 13 1
1720674164 1 3 3 1 4 1 13 1
-1336386965 1 1 2 1 3 1 4 1 13 1
-547389260 1 2 4 2 13 1
-463641354 1 5 5 1 13 1
1990050256 1 3 2 1 5 1 13 1
-824111322 1 1 2 2 5 1 13 1
-625895644 1 2 3 1 5 1 13 1
213525070 1 1 4 1 5 1 13 1
412370574 1 4 6 1 13 1
-1299801900 1 2 2 1 6 1 13 1
206863074 1 1 3 1 6 1 13 1
-256778280 1 3 7 1 13 1
271215786 1 1 2 1 7 1 13 1
205507500 1 2 8 1 13 1
-51270780 1 1 9 1 13 1
51270780 1 9 14 1
-845840650 1 7 2 1 14 1
3625024554 1 5 2 2 14 1
-5119326556 1 3 2 3 14 1
1795264686 1 1 2 4 14 1
625895644 1 6 3 1 14 1
-3928457315 1 4 2 1 3 1 14 1
4694046613 1 2 2 2 3 1 14 1
856328297 1 3 3 2 14 1
-649223163 1 1 2 1 3 2 14 1
-574624864 1 5 4 1 14 1
3031345885 1 3 2 1 4 1 14 1
-2571488965 1 1 2 2 4 1 14 1
-1086760950 1 2 3 1 4 1 14 1
333864190 1 1 4 2 14 1
412370574 1 4 5 1 14 1
-1298446326 1 2 2 1 5 1 14 1
205507500 1 1 3 1 5 1 14 1
-361099794 1 3 6 1 14 1
821723040 1 1 2 1 6 1 14 1
205507500 1 2 7 1 14 1
-154236720 1 1 8 1 14 1
-51270780 1 8 15 1
691603930 1 6 2 1 15 1
-2263929824 1 4 2 2 15 1
1898614428 1 2 2 3 15 1
-471658924 1 5 3 1 15 1
2027990895 1 3 2 1 3 1 15 1
-824111322 1 1 2 2 3 1 15 1
-316956607 1 2 3 2 15 1
420388144 1 4 4 1 15 1
-1336386965 1 2 2 1 4 1 15 1
213525070 1 1 3 1 4 1 15 1
-258133854 1 3 5 1 15 1
271215786 1 1 2 1 5 1 15 1
206863074 1 2 6 1 15 1
-51270780 1 1 7 1 15 1
51270780 1 7 16 1
-640333150 1 5 2 1 16 1
1779188968 1 3 2 2 16 1
-1074503106 1 1 2 3 16 1
420388144 1 4 3 1 16 1
-1329724969 1 2 2 1 3 1 16 1
103431537 1 1 3 2 16 1
-369117364 1 3 4 1 16 1
851646109 1 1 2 1 4 1 16 1
206863074 1 2 5 1 16 1
-155592294 1 1 6 1 16 1
-51270780 1 6 17 1
484740856 1 4 2 1 17 1
-824111322 1 2 2 2 17 1
-264795850 1 3 3 1 17 1
271215786 1 1 2 1 3 1 17 1
213525070 1 2 4 1 17 1
-51270780 1 1 5 1 17 1
51270780 1 5 18 1
-433470076 1 3 2 1 18 1
552895536 1 1 2 2 18 1
213525070 1 2 3 1 18 1
-162254290 1 1 4 1 18 1
-51270780 1 4 19 1
271215786 1 2 2 1 19 1
-51270780 1 1 3 1 19 1
51270780 1 3 20 1
-219945006 1 1 2 1 20 1
-51270780 1 2 21 1
51270780 1 1 22 1
