50814724101952310083584000000
-7090922730 1 24
170182145520 1 22 2 1
-1763584323060 1 20 2 2
10311638451600 1 18 2 3
-37245480564654 1 16 2 4
85243319465184 1 14 2 5
-120832092534296 1 12 2 6
95706134972448 1 10 2 7
-25888346141229 1 8 2 8
-16846956981400 1 6 2 9
14049048235716 1 4 2 10
-3098114598480 1 2 2 11
163091222790 2 12
-146853940620 1 21 3 1
2867094197700 1 19 2 1 3 1
-23400477691884 1 17 2 2 3 1
103085738514144 1 15 2 3 3 1
-262659150088800 1 13 2 4 3 1
378820369529316 1 11 2 5 3 1
-259572385391748 1 9 2 6 3 1
-1551414513168 1 7 2 7 3 1
106089273492540 1 5 2 8 3 1
-49061009019084 1 3 2 9 3 1
5708811432180 1 1 2 10 3 1
-1149557938338 1 18 3 2
17354979623952 1 16 2 1 3 2
-103906609650020 1 14 2 2 3 2
309205298308660 1 12 2 3 3 2
-455069407365430 1 10 2 4 3 2
231250189332864 1 8 2 5 3 2
151708250029518 1 6 2 6 3 2
-201990507801484 1 4 2 7 3 2
55671953580846 1 2 2 8 3 2
-2120804530800 2 9 3 2
-4194001102168 1 15 3 3
44966897198740 1 13 2 1 3 3
-171907388602976 1 11 2 2 3 3
258573082105416 1 9 2 3 3 3
-42815228744964 1 7 2 4 3 3
-234664053086624 1 5 2 5 3 3
168353179004976 1 3 2 6 3 3
-24278686008624 1 1 2 7 3 3
-7000224704837 1 12 3 4
44386064606260 1 10 2 1 3 4
-67615010364954 1 8 2 2 3 4
-47644592521424 1 6 2 3 3 4
149779109813141 1 4 2 4 3 4
-66055151378404 1 2 2 5 3 4
3327055474392 2 6 3 4
-4140372317328 1 9 3 5
5761989798568 1 7 2 1 3 5
28348629808980 1 5 2 2 3 5
-45614426795680 1 3 2 3 3 5
11319610755360 1 1 2 4 3 5
204991752024 1 6 3 6
-5408562082656 1 4 2 1 3 6
6343342600378 1 2 2 2 3 6
-624173534488 2 3 3 6
320373273500 1 3 3 7
-329668141404 1 1 2 1 3 7
3607935153 3 8
146853940620 1 20 4 1
-2735589611646 1 18 2 1 4 1
21103379757612 1 16 2 2 4 1
-86721272740220 1 14 2 3 4 1
201970623761140 1 12 2 4 4 1
-256212565455418 1 10 2 5 4 1
136328472249060 1 8 2 6 4 1
32693677374930 1 6 2 7 4 1
-65661423057376 1 4 2 8 4 1
20847278948370 1 2 2 9 4 1
-1467202370580 2 10 4 1
2167611290622 1 17 3 1 4 1
-30735893076788 1 15 2 1 3 1 4 1
169948655826070 1 13 2 2 3 1 4 1
-453969960287012 1 11 2 3 3 1 4 1
561981006037282 1 9 2 4 3 1 4 1
-157502067505458 1 7 2 5 3 1 4 1
-270458443251248 1 5 2 6 3 1 4 1
208532454074200 1 3 2 7 3 1 4 1
-34572805073730 1 1 2 8 3 1 4 1
10905035069660 1 14 3 2 4 1
-106609641966490 1 12 2 1 3 2 4 1
356563652847948 1 10 2 2 3 2 4 1
-414000689081772 1 8 2 3 3 2 4 1
-105526227152586 1 6 2 4 3 2 4 1
466591273992170 1 4 2 5 3 2 4 1
-203439397643024 1 2 2 6 3 2 4 1
10970464111056 2 7 3 2 4 1
21209946889664 1 11 3 3 4 1
-113081769374002 1 9 2 1 3 3 4 1
105129933136414 1 7 2 2 3 3 4 1
217030457611630 1 5 2 3 3 3 4 1
-314585205659944 1 3 2 4 3 3 4 1
72342734213876 1 1 2 5 3 3 4 1
11645775493934 1 8 3 4 4 1
1657129016480 1 6 2 1 3 4 4 1
-102728864693874 1 4 2 2 3 4 4 1
90939093919482 1 2 2 3 3 4 4 1
-7574569548432 2 4 3 4 4 1
-2535472812858 1 5 3 5 4 1
17880907772678 1 3 2 1 3 5 4 1
-10179674689394 1 1 2 2 3 5 4 1
-921004698306 1 2 3 6 4 1
300804660180 2 1 3 6 4 1
-1025267280434 1 16 4 2
13627840889290 1 14 2 1 4 2
-69368033650981 1 12 2 2 4 2
165292049518492 1 10 2 3 4 2
-168528195413994 1 8 2 4 4 2
9219743742798 1 6 2 5 4 2
95773502951785 1 4 2 6 4 2
-48172038140580 1 2 2 7 4 2
4782916211922 2 8 4 2
-9437021238174 1 13 3 1 4 2
83609860748492 1 11 2 1 3 1 4 2
-241037946185634 1 9 2 2 3 1 4 2
198329534189830 1 7 2 3 3 1 4 2
165577196372770 1 5 2 4 3 1 4 2
-268688283246944 1 3 2 5 3 1 4 2
69160624933332 1 1 2 6 3 1 4 2
-23708767610671 1 10 3 2 4 2
102778339342050 1 8 2 1 3 2 4 2
-29451251589455 1 6 2 2 3 2 4 2
-258901478193324 1 4 2 3 3 2 4 2
210181156922063 1 2 2 4 3 2 4 2
-17627149374484 2 5 3 2 4 2
-11659027326790 1 7 3 3 4 2
-25724368465298 1 5 2 1 3 3 4 2
122525967281588 1 3 2 2 3 3 4 2
-54600551394884 1 1 2 3 3 3 4 2
5885293723273 1 4 3 4 4 2
-19863379804984 1 2 2 1 3 4 4 2
3680429906170 2 2 3 4 4 2
813235384266 1 1 3 5 4 2
2725987270682 1 12 4 3
-21787974895284 1 10 2 1 4 3
53483423775490 1 8 2 2 4 3
-27261642343380 1 6 2 3 4 3
-48256176305654 1 4 2 4 4 3
45376769705742 1 2 2 5 4 3
-6892924247576 2 6 4 3
11609452286240 1 9 3 1 4 3
-39153921785990 1 7 2 1 3 1 4 3
-16919348918432 1 5 2 2 3 1 4 3
113562471310624 1 3 2 3 3 1 4 3
-52596438106390 1 1 2 4 3 1 4 3
4702703154074 1 6 3 2 4 3
28073050583144 1 4 2 1 3 2 4 3
-61169956259400 1 2 2 2 3 2 4 3
9601399189320 2 3 3 2 4 3
-5497089798980 1 3 3 3 4 3
8790978731840 1 1 2 1 3 3 4 3
-212603959460 3 4 4 3
-2117624475630 1 8 4 4
5308169219012 1 6 2 1 4 4
6367017090270 1 4 2 2 4 4
-15959723508160 1 2 2 3 4 4
4265208839595 2 4 4 4
-493986097804 1 5 3 1 4 4
-11028133805370 1 3 2 1 3 1 4 4
12807039657950 1 1 2 2 3 1 4 4
2351232020635 1 2 3 2 4 4
-1259947587920 2 1 3 2 4 4
-55092906086 1 4 4 5
1400329901434 1 2 2 1 4 5
-905002317252 2 2 4 5
-444953014234 1 1 3 1 4 5
28657115030 4 6
-131504586054 1 19 5 1
2297097934272 1 17 2 1 5 1
-16364465773924 1 15 2 2 5 1
60688526327660 1 13 2 3 5 1
-122607804073898 1 11 2 4 5 1
123243913142688 1 9 2 5 5 1
-31142262861762 1 7 2 6 5 1
-40427850435164 1 5 2 7 5 1
28213730070714 1 3 2 8 5 1
-4241609061600 1 1 2 9 5 1
-1794044966598 1 16 3 1 5 1
23303340761410 1 14 2 1 3 1 5 1
-114712632185307 1 12 2 2 3 1 5 1
258474136275004 1 10 2 3 3 1 5 1
-230507026087026 1 8 2 4 3 1 5 1
-38075472893190 1 6 2 5 3 1 5 1
166449073736535 1 4 2 6 3 1 5 1
-63681540802652 1 2 2 7 3 1 5 1
3066044427774 2 8 3 1 5 1
-8050011355812 1 13 3 2 5 1
68820026552108 1 11 2 1 3 2 5 1
-186031979185650 1 9 2 2 3 2 5 1
121686740383498 1 7 2 3 3 2 5 1
169699333672596 1 5 2 4 3 2 5 1
-204945706444936 1 3 2 5 3 2 5 1
40116089881564 1 1 2 6 3 2 5 1
-12934519039585 1 10 3 3 5 1
51751838058974 1 8 2 1 3 3 5 1
-205810636313 1 6 2 2 3 3 5 1
-146704644676420 1 4 2 3 3 3 5 1
99989125273633 1 2 2 4 3 3 5 1
-6790157271180 2 5 3 3 5 1
-4198479694402 1 7 3 4 5 1
-13053968078006 1 5 2 1 3 4 5 1
48651227565154 1 3 2 2 3 4 5 1
-18875623073068 1 1 2 3 3 4 5 1
2038757149931 1 4 3 5 5 1
-6094398512412 1 2 2 1 3 5 5 1
1013986915974 2 2 3 5 5 1
204286987110 1 1 3 6 5 1
1676968236844 1 15 4 1 5 1
-20252066341449 1 13 2 1 4 1 5 1
90461729594704 1 11 2 2 4 1 5 1
-176171987139850 1 9 2 3 4 1 5 1
113037733243502 1 7 2 4 4 1 5 1
67483074704747 1 5 2 5 4 1 5 1
-97064209007636 1 3 2 6 4 1 5 1
21940928222112 1 1 2 7 4 1 5 1
13592931926899 1 12 3 1 4 1 5 1
-103250131565165 1 10 2 1 3 1 4 1 5 1
228070660123686 1 8 2 2 3 1 4 1 5 1
-53784900470605 1 6 2 3 3 1 4 1 5 1
-275956522163365 1 4 2 4 3 1 4 1 5 1
184951073597393 1 2 2 5 3 1 4 1 5 1
-13227553441636 2 6 3 1 4 1 5 1
27239206634545 1 9 3 2 4 1 5 1
-79312390465055 1 7 2 1 3 2 4 1 5 1
-77336305604373 1 5 2 2 3 2 4 1 5 1
266476043842858 1 3 2 3 3 2 4 1 5 1
-91377805968839 1 1 2 4 3 2 4 1 5 1
5299974219351 1 6 3 3 4 1 5 1
50146613073410 1 4 2 1 3 3 4 1 5 1
-87741739926506 1 2 2 2 3 3 4 1 5 1
11074634202244 2 3 3 3 4 1 5 1
-6632680623918 1 3 3 4 4 1 5 1
9104194515648 1 1 2 1 3 4 4 1 5 1
-175423505886 3 5 4 1 5 1
-5722061656545 1 11 4 2 5 1
38218112365910 1 9 2 1 4 2 5 1
-66222679960395 1 7 2 2 4 2 5 1
-14828773911512 1 5 2 3 4 2 5 1
92292368960077 1 3 2 4 4 2 5 1
-35254298748968 1 1 2 5 4 2 5 1
-18518324998510 1 8 3 1 4 2 5 1
33354640671498 1 6 2 1 3 1 4 2 5 1
88756690827120 1 4 2 2 3 1 4 2 5 1
-135098512261852 1 2 2 3 3 1 4 2 5 1
16332804369370 2 4 3 1 4 2 5 1
775263649748 1 5 3 2 4 2 5 1
-53804124037436 1 3 2 1 3 2 4 2 5 1
44425348242100 1 1 2 2 3 2 4 2 5 1
6792872706390 1 2 3 3 4 2 5 1
-2900772542320 2 1 3 3 4 2 5 1
4063366779028 1 7 4 3 5 1
-2788693304918 1 5 2 1 4 3 5 1
-23826167805900 1 3 2 2 4 3 5 1
19202798378640 1 1 2 3 4 3 5 1
-2776959516840 1 4 3 1 4 3 5 1
20848237448695 1 2 2 1 3 1 4 3 5 1
-5762132895850 2 2 3 1 4 3 5 1
-2567910494755 1 1 3 2 4 3 5 1
760204313185 1 3 4 4 5 1
-2519895175840 1 1 2 1 4 4 5 1
273010324054 3 1 4 4 5 1
-675434100845 1 14 5 2
7330055798273 1 12 2 1 5 2
-28126809299667 1 10 2 2 5 2
42216521896270 1 8 2 3 5 2
-8890612326582 1 6 2 4 5 2
-29379862827535 1 4 2 5 5 2
16974192037577 1 2 2 6 5 2
-1067876675524 2 7 5 2
-4738228709539 1 11 3 1 5 2
29919526716465 1 9 2 1 3 1 5 2
-44988913033594 1 7 2 2 3 1 5 2
-25527025542423 1 5 2 3 3 1 5 2
72474040030385 1 3 2 4 3 1 5 2
-20440798713555 1 1 2 5 3 1 5 2
-7147020792840 1 8 3 2 5 2
9670257464629 1 6 2 1 3 2 5 2
39997421072050 1 4 2 2 3 2 5 2
-48517619062774 1 2 2 3 3 2 5 2
4701809427631 2 4 3 2 5 2
687510336445 1 5 3 3 5 2
-14462391066310 1 3 2 1 3 3 5 2
10216905283978 1 1 2 2 3 3 5 2
1305993670271 1 2 3 4 5 2
-497862894114 2 1 3 4 5 2
3848479521858 1 10 4 1 5 2
-20555542756345 1 8 2 1 4 1 5 2
19682413551002 1 6 2 2 4 1 5 2
31071864717090 1 4 2 3 4 1 5 2
-37339527038692 1 2 2 4 4 1 5 2
3721515947816 2 5 4 1 5 2
8645443486817 1 7 3 1 4 1 5 2
354707852160 1 5 2 1 3 1 4 1 5 2
-58508245620090 1 3 2 2 3 1 4 1 5 2
33351283190252 1 1 2 3 3 1 4 1 5 2
-4249770830310 1 4 3 2 4 1 5 2
22635800547209 1 2 2 1 3 2 4 1 5 2
-4965633490010 2 2 3 2 4 1 5 2
-1768983017545 1 1 3 3 4 1 5 2
-2381145460105 1 6 4 2 5 2
-4188353768360 1 4 2 1 4 2 5 2
17346264031105 1 2 2 2 4 2 5 2
-3310958585110 2 3 4 2 5 2
4011409423210 1 3 3 1 4 2 5 2
-8739352690985 1 1 2 1 3 1 4 2 5 2
469492486099 3 2 4 2 5 2
-943825638160 1 2 4 3 5 2
633443624016 2 1 4 3 5 2
-820269807855 1 9 5 3
3253869311645 1 7 2 1 5 3
-195727008319 1 5 2 2 5 3
-7067063442890 1 3 2 3 5 3
3138968223379 1 1 2 4 5 3
-1064128285973 1 6 3 1 5 3
-2938098204290 1 4 2 1 3 1 5 3
8392904322635 1 2 2 2 3 1 5 3
-1264515480754 2 3 3 1 5 3
1107882200260 1 3 3 2 5 3
-2004998542301 1 1 2 1 3 2 5 3
71344437078 3 3 5 3
370245997072 1 5 4 1 5 3
2891761918645 1 3 2 1 4 1 5 3
-3315582134790 1 1 2 2 4 1 5 3
-1387132128825 1 2 3 1 4 1 5 3
723945122798 2 1 3 1 4 1 5 3
313531611499 1 1 4 2 5 3
24468957080 1 4 5 4
-387688765585 1 2 2 1 5 4
105201617485 2 2 5 4
107600932115 1 1 3 1 5 4
-21871642684 4 1 5 4
131504586054 1 18 6 1
-2180021204518 1 16 2 1 6 1
14561222712560 1 14 2 2 6 1
-49728004145001 1 12 2 3 6 1
89683672418574 1 10 2 4 6 1
-74491285073244 1 8 2 5 6 1
5117416085402 1 6 2 6 6 1
28999487792233 1 4 2 7 6 1
-13089561285310 1 2 2 8 6 1
1175564633826 2 9 6 1
1676968236844 1 15 3 1 6 1
-20241038273918 1 13 2 1 3 1 6 1
90338486408872 1 11 2 2 3 1 6 1
-175686578048826 1 9 2 3 3 1 6 1
112285173003980 1 7 2 4 3 1 6 1
67701551595106 1 5 2 5 3 1 6 1
-96674432926968 1 3 2 6 3 1 6 1
21749504033252 1 1 2 7 3 1 6 1
6790951929684 1 12 3 2 6 1
-51527970011453 1 10 2 1 3 2 6 1
113578270264428 1 8 2 2 3 2 6 1
-26246276889621 1 6 2 3 3 2 6 1
-137826588916200 1 4 2 4 3 2 6 1
91888746026107 1 2 2 5 3 2 6 1
-6518064626388 2 6 3 2 6 1
9056086092706 1 9 3 3 6 1
-26268598314918 1 7 2 1 3 3 6 1
-25960316273020 1 5 2 2 3 3 6 1
88481812493764 1 3 2 3 3 3 6 1
-30147861155300 1 1 2 4 3 3 6 1
1305522300714 1 6 3 4 6 1
12531707573327 1 4 2 1 3 4 6 1
-21785982400462 1 2 2 2 3 4 6 1
2731054290954 2 3 3 4 6 1
-1321608216194 1 3 3 5 6 1
1802585342538 1 1 2 1 3 5 6 1
-28863481224 3 6 6 1
-1574131393751 1 14 4 1 6 1
17623275726719 1 12 2 1 4 1 6 1
-71062254069105 1 10 2 2 4 1 6 1
118086045628136 1 8 2 3 4 1 6 1
-48317336426240 1 6 2 4 4 1 6 1
-60699957591349 1 4 2 5 4 1 6 1
49466663557977 1 2 2 6 4 1 6 1
-6577621429428 2 7 4 1 6 1
-11433081806705 1 11 3 1 4 1 6 1
76265805294593 1 9 2 1 3 1 4 1 6 1
-131775829540830 1 7 2 2 3 1 4 1 6 1
-30269089749799 1 5 2 3 3 1 4 1 6 1
183976729016755 1 3 2 4 3 1 4 1 6 1
-69884972310251 1 1 2 5 3 1 4 1 6 1
-18457513723700 1 8 3 2 4 1 6 1
33011127330249 1 6 2 1 3 2 4 1 6 1
88862818091866 1 4 2 2 3 2 4 1 6 1
-134293285640598 1 2 2 3 3 2 4 1 6 1
16084675768105 2 4 3 2 4 1 6 1
560868976363 1 5 3 3 4 1 6 1
-35765507482474 1 3 2 1 3 3 4 1 6 1
29305356700842 1 1 2 2 3 3 4 1 6 1
3374174668559 1 2 3 4 4 1 6 1
-1429806113350 2 1 3 4 4 1 6 1
4821270962479 1 10 4 2 6 1
-28076512364835 1 8 2 1 4 2 6 1
36539370351959 1 6 2 2 4 2 6 1
25756288316982 1 4 2 3 4 2 6 1
-52312461798065 1 2 2 4 4 2 6 1
11478462483966 2 5 4 2 6 1
12140907746299 1 7 3 1 4 2 6 1
-8166024868990 1 5 2 1 3 1 4 2 6 1
-71326078646942 1 3 2 2 3 1 4 2 6 1
57093444600820 1 1 2 3 3 1 4 2 6 1
-4193669693024 1 4 3 2 4 2 6 1
31104936988905 1 2 2 1 3 2 4 2 6 1
-8505364947570 2 2 3 2 4 2 6 1
-2540149024635 1 1 3 3 4 2 6 1
-2617907346333 1 6 4 3 6 1
-810111077860 1 4 2 1 4 3 6 1
15310799008035 1 2 2 2 4 3 6 1
-6818748312570 2 3 4 3 6 1
3040660157450 1 3 3 1 4 3 6 1
-9988847594075 1 1 2 1 3 1 4 3 6 1
536884226341 3 2 4 3 6 1
-573384712545 1 2 4 4 6 1
979997603754 2 1 4 4 6 1
1248031358597 1 13 5 1 6 1
-12400631220263 1 11 2 1 5 1 6 1
41884153402230 1 9 2 2 5 1 6 1
-49569366959773 1 7 2 3 5 1 6 1
-6198370434655 1 5 2 4 5 1 6 1
39875829088973 1 3 2 5 5 1 6 1
-13036129252776 1 1 2 6 5 1 6 1
7685917537331 1 10 3 1 5 1 6 1
-40973375980587 1 8 2 1 3 1 5 1 6 1
38956214989797 1 6 2 2 3 1 5 1 6 1
62274308906690 1 4 2 3 3 1 5 1 6 1
-74233314929235 1 2 2 4 3 1 5 1 6 1
7315663910477 2 5 3 1 5 1 6 1
8600987164569 1 7 3 2 5 1 6 1
517885702426 1 5 2 1 3 2 5 1 6 1
-58352734183828 1 3 2 2 3 2 5 1 6 1
32977441158098 1 1 2 3 3 2 5 1 6 1
-2843956192000 1 4 3 3 5 1 6 1
14989380288741 1 2 2 1 3 3 5 1 6 1
-3259820217512 2 2 3 3 5 1 6 1
-874874910888 1 1 3 4 5 1 6 1
-6205478808605 1 9 4 1 5 1 6 1
27316763350979 1 7 2 1 4 1 5 1 6 1
-11102077166025 1 5 2 2 4 1 5 1 6 1
-51331715112062 1 3 2 3 4 1 5 1 6 1
32169351536210 1 1 2 4 4 1 5 1 6 1
-9454196852640 1 6 3 1 4 1 5 1 6 1
-16910702855270 1 4 2 1 3 1 4 1 5 1 6 1
69025487087151 1 2 2 2 3 1 4 1 5 1 6 1
-13004552597750 2 3 3 1 4 1 5 1 6 1
8016941530886 1 3 3 2 4 1 5 1 6 1
-17276823262505 1 1 2 1 3 2 4 1 5 1 6 1
615964734113 3 3 4 1 5 1 6 1
2255418515819 1 5 4 2 5 1 6 1
9729819124520 1 3 2 1 4 2 5 1 6 1
-17010729895140 1 1 2 2 4 2 5 1 6 1
-5640599755900 1 2 3 1 4 2 5 1 6 1
3728201478345 2 1 3 1 4 2 5 1 6 1
1073768452682 1 1 4 3 5 1 6 1
1870119882520 1 8 5 2 6 1
-5465319379384 1 6 2 1 5 2 6 1
-4195109821910 1 4 2 2 5 2 6 1
12774911174229 1 2 2 3 5 2 6 1
-1874452742625 2 4 5 2 6 1
1089545594221 1 5 3 1 5 2 6 1
8675014533610 1 3 2 1 3 1 5 2 6 1
-9823941524961 1 1 2 2 3 1 5 2 6 1
-2067838480744 1 2 3 2 5 2 6 1
1067020108269 2 1 3 2 5 2 6 1
57958964530 1 4 4 1 5 2 6 1
-6277935170165 1 2 2 1 4 1 5 2 6 1
2170830542052 2 2 4 1 5 2 6 1
1857235409919 1 1 3 1 4 1 5 2 6 1
-226045040763 4 2 5 2 6 1
-205159812370 1 3 5 3 6 1
712664077945 1 1 2 1 5 3 6 1
-85729289431 3 1 5 3 6 1
-579695667252 1 12 6 2
5258593179083 1 10 2 1 6 2
-15531638530999 1 8 2 2 6 2
13985098002085 1 6 2 3 6 2
6441020239290 1 4 2 4 6 2
-11439115373609 1 2 2 5 6 2
2150702384031 2 6 6 2
-3098160612039 1 9 3 1 6 2
13607566113751 1 7 2 1 3 1 6 2
-5440342227495 1 5 2 2 3 1 6 2
-25618158976200 1 3 2 3 3 1 6 2
15941441533100 1 1 2 4 3 1 6 2
-2347537978072 1 6 3 2 6 2
-4262212156202 1 4 2 1 3 2 6 2
17168373515286 1 2 2 2 3 2 6 2
-3197925028990 2 3 3 2 6 2
1335055691436 1 3 3 3 6 2
-2848033799897 1 1 2 1 3 3 6 2
75829210615 3 4 6 2
2507471070994 1 8 4 1 6 2
-8952378430730 1 6 2 1 4 1 6 2
-631181818652 1 4 2 2 4 1 6 2
16743353482205 1 2 2 3 4 1 6 2
-5796685989870 2 4 4 1 6 2
2233337564976 1 5 3 1 4 1 6 2
9733984547317 1 3 2 1 3 1 4 1 6 2
-16858659777735 1 1 2 2 3 1 4 1 6 2
-2808966069165 1 2 3 2 4 1 6 2
1832052879492 2 1 3 2 4 1 6 2
-448252022975 1 4 4 2 6 2
-3747724695375 1 2 2 1 4 2 6 2
3362439276333 2 2 4 2 6 2
1596265550640 1 1 3 1 4 2 6 2
-233832499764 4 3 6 2
-1400325419472 1 7 5 1 6 2
2692578778911 1 5 2 1 5 1 6 2
5173417473169 1 3 2 2 5 1 6 2
-6395850057980 1 1 2 3 5 1 6 2
70664089550 1 4 3 1 5 1 6 2
-6256528717851 1 2 2 1 3 1 5 1 6 2
2128014381981 2 2 3 1 5 1 6 2
917453391144 1 1 3 2 5 1 6 2
-560652604980 1 3 4 1 5 1 6 2
3664105758984 1 1 2 1 4 1 5 1 6 2
-442677969822 3 1 4 1 5 1 6 2
299598166095 1 2 5 2 6 2
-261750050424 2 1 5 2 6 2
350475344807 1 6 6 3
-388974556386 1 4 2 1 6 3
-1358685208135 1 2 2 2 6 3
857659143940 2 3 6 3
-188235552584 1 3 3 1 6 3
1210628835734 1 1 2 1 3 1 6 3
-72408992668 3 2 6 3
195672905314 1 2 4 1 6 3
-542310749550 2 1 4 1 6 3
-144817985336 1 1 5 1 6 3
18228364077 6 4
-117076729754 1 17 7 1
1803243061364 1 15 2 1 7 1
-10960522182659 1 13 2 2 7 1
32924131655324 1 11 2 3 7 1
-48752628069444 1 9 2 4 7 1
26024846776360 1 7 2 5 7 1
11428362642931 1 5 2 6 7 1
-15124168785404 1 3 2 7 7 1
3066044427774 1 1 2 8 7 1
-1361896269221 1 14 3 1 7 1
14783354782378 1 12 2 1 3 1 7 1
-56739027690358 1 10 2 2 3 1 7 1
85185604032062 1 8 2 3 3 1 7 1
-17999701543523 1 6 2 4 3 1 7 1
-59149501735738 1 4 2 5 3 1 7 1
34139808264014 1 2 2 6 3 1 7 1
-2135753351048 2 7 3 1 7 1
-4779223640945 1 11 3 2 7 1
30183617508768 1 9 2 1 3 2 7 1
-45399076224447 1 7 2 2 3 2 7 1
-25683021094070 1 5 2 3 3 2 7 1
72940530276093 1 3 2 4 3 2 7 1
-20511125613570 1 1 2 5 3 2 7 1
-4807533598456 1 8 3 3 7 1
6509119315076 1 6 2 1 3 3 7 1
26854093047044 1 4 2 2 3 3 7 1
-32520247321056 1 2 2 3 3 3 7 1
3138968223379 2 4 3 3 7 1
345907641381 1 5 3 4 7 1
-7279591147030 1 3 2 1 3 4 7 1
5127962418140 1 1 2 2 3 4 7 1
525382752745 1 2 3 5 7 1
-199598341844 2 1 3 5 7 1
1259059426128 1 13 4 1 7 1
-12523874406095 1 11 2 1 4 1 7 1
42369562493254 1 9 2 2 4 1 7 1
-50321927199295 1 7 2 3 4 1 7 1
-5979893544296 1 5 2 4 4 1 7 1
40265605169641 1 3 2 5 4 1 7 1
-13227553441636 1 1 2 6 4 1 7 1
7767907400143 1 10 3 1 4 1 7 1
-41500075962785 1 8 2 1 3 1 4 1 7 1
39766538910749 1 6 2 2 3 1 4 1 7 1
62602563310674 1 4 2 3 3 1 4 1 7 1
-75162025465039 1 2 2 4 3 1 4 1 7 1
7443031895632 2 5 3 1 4 1 7 1
8728064771849 1 7 3 2 4 1 7 1
344714865704 1 5 2 1 3 2 4 1 7 1
-58937830382186 1 3 2 2 3 2 4 1 7 1
33478663773772 1 1 2 3 3 2 4 1 7 1
-2856235803128 1 4 3 3 4 1 7 1
15182773329121 1 2 2 1 3 3 4 1 7 1
-3315582134790 2 2 3 3 4 1 7 1
-888216018315 1 1 3 4 4 1 7 1
-3138954383720 1 9 4 2 7 1
13857878130914 1 7 2 1 4 2 7 1
-5760026137730 1 5 2 2 4 2 7 1
-25897409472084 1 3 2 3 4 2 7 1
16332804369370 1 1 2 4 4 2 7 1
-4811554570599 1 6 3 1 4 2 7 1
-8446495350108 1 4 2 1 3 1 4 2 7 1
34952717430270 1 2 2 2 3 1 4 2 7 1
-6621917170220 2 3 3 1 4 2 7 1
4045681156950 1 3 3 2 4 2 7 1
-8776387755010 1 1 2 1 3 2 4 2 7 1
313531611499 3 3 4 2 7 1
769450628234 1 5 4 3 7 1
3266279985015 1 3 2 1 4 3 7 1
-5762132895850 1 1 2 2 4 3 7 1
-1904314257555 1 2 3 1 4 3 7 1
1266887248032 2 1 3 1 4 3 7 1
273010324054 1 1 4 4 7 1
-978389211774 1 12 5 1 7 1
8487559752016 1 10 2 1 5 1 7 1
-23063518015576 1 8 2 2 5 1 7 1
15625402417044 1 6 2 3 5 1 7 1
16370924403470 1 4 2 4 5 1 7 1
-16640320265480 1 2 2 5 5 1 7 1
1419060574237 2 6 5 1 7 1
-4969014882960 1 9 3 1 5 1 7 1
19713199121978 1 7 2 1 3 1 5 1 7 1
-1195952150834 1 5 2 2 3 1 5 1 7 1
-42725028694162 1 3 2 3 3 1 5 1 7 1
18902202328759 1 1 2 4 3 1 5 1 7 1
-3223292132270 1 6 3 2 5 1 7 1
-8889419148090 1 4 2 1 3 2 5 1 7 1
25336270798899 1 2 2 2 3 2 5 1 7 1
-3797577849832 2 3 3 2 5 1 7 1
2233284626186 1 3 3 3 5 1 7 1
-4026449385032 1 1 2 1 3 3 5 1 7 1
107251755545 3 4 5 1 7 1
3789117403278 1 8 4 1 5 1 7 1
-11129269089680 1 6 2 1 4 1 5 1 7 1
-8358242552000 1 4 2 2 4 1 5 1 7 1
25878114845847 1 2 2 3 4 1 5 1 7 1
-3822521473470 2 4 4 1 5 1 7 1
2243220073688 1 5 3 1 4 1 5 1 7 1
17506228777907 1 3 2 1 3 1 4 1 5 1 7 1
-19974041972045 1 1 2 2 3 1 4 1 5 1 7 1
-4191293185335 1 2 3 2 4 1 5 1 7 1
2174380127954 2 1 3 2 4 1 5 1 7 1
45019500905 1 4 4 2 5 1 7 1
-6358191678250 1 2 2 1 4 2 5 1 7 1
2215988780025 2 2 4 2 5 1 7 1
1889671648301 1 1 3 1 4 2 5 1 7 1
-154013371628 4 3 5 1 7 1
-1042781673952 1 7 5 2 7 1
1409221889421 1 5 2 1 5 2 7 1
4723516628660 1 3 2 2 5 2 7 1
-3801609257402 1 1 2 3 5 2 7 1
297402654130 1 4 3 1 5 2 7 1
-4687137571073 1 2 2 1 3 1 5 2 7 1
1263042002409 2 2 3 1 5 2 7 1
648453985577 1 1 3 2 5 2 7 1
-618789488780 1 3 4 1 5 2 7 1
2176924887514 1 1 2 1 4 1 5 2 7 1
-262601520456 3 1 4 1 5 2 7 1
153508469195 1 2 5 3 7 1
-103434687666 2 1 5 3 7 1
889749187681 1 11 6 1 7 1
-6904656138963 1 9 2 1 6 1 7 1
15554894008411 1 7 2 2 6 1 7 1
-4973921450400 1 5 2 3 6 1 7 1
-13937592618635 1 3 2 4 6 1 7 1
7315663910477 1 1 2 5 6 1 7 1
3779959818751 1 8 3 1 6 1 7 1
-11051190723363 1 6 2 1 3 1 6 1 7 1
-8459532887904 1 4 2 2 3 1 6 1 7 1
25754612015108 1 2 2 3 3 1 6 1 7 1
-3748905485250 2 4 3 1 6 1 7 1
1101363945248 1 5 3 2 6 1 7 1
8752900932451 1 3 2 1 3 2 6 1 7 1
-9868422397386 1 1 2 2 3 2 6 1 7 1
-1388738498551 1 2 3 3 6 1 7 1
712664077945 2 1 3 3 6 1 7 1
-2841726274605 1 7 4 1 6 1 7 1
5511585832207 1 5 2 1 4 1 6 1 7 1
10414773685467 1 3 2 2 4 1 6 1 7 1
-13004552597750 1 1 2 3 4 1 6 1 7 1
116686363453 1 4 3 1 4 1 6 1 7 1
-12675020242635 1 2 2 1 3 1 4 1 6 1 7 1
4341661084104 2 2 3 1 4 1 6 1 7 1
1866576617499 1 1 3 2 4 1 6 1 7 1
-560301706630 1 3 4 2 6 1 7 1
3728201478345 1 1 2 1 4 2 6 1 7 1
-452090081526 3 1 4 2 6 1 7 1
1389119959752 1 6 5 1 6 1 7 1
-109420512640 1 4 2 1 5 1 6 1 7 1
-7056541165731 1 2 2 2 5 1 6 1 7 1
1694858244179 2 3 5 1 6 1 7 1
-1245474687557 1 3 3 1 5 1 6 1 7 1
4296748838391 1 1 2 1 3 1 5 1 6 1 7 1
-257548443318 3 2 5 1 6 1 7 1
1213000709994 1 2 4 1 5 1 6 1 7 1
-1070995439664 2 1 4 1 5 1 6 1 7 1
-257909018343 1 1 5 2 6 1 7 1
-438492440586 1 5 6 2 7 1
-560461118057 1 3 2 1 6 2 7 1
2128014381981 1 1 2 2 6 2 7 1
606699195954 1 2 3 1 6 2 7 1
-523500100848 2 1 3 1 6 2 7 1
-442677969822 1 1 4 1 6 2 7 1
71904529028 5 1 6 2 7 1
-331829568667 1 10 7 2
2133465589083 1 8 2 1 7 2
-3257570789697 1 6 2 2 7 2
-1359031106664 1 4 2 3 7 2
3624917828721 1 2 2 4 7 2
-443463222213 2 5 7 2
-1054309007865 1 7 3 1 7 2
1424433994753 1 5 2 1 3 1 7 2
4768598280313 1 3 2 2 3 1 7 2
-3817972371307 1 1 2 3 3 1 7 2
150451693581 1 4 3 2 7 2
-2361683575819 1 2 2 1 3 2 7 2
632232565510 2 2 3 2 7 2
217192971010 1 1 3 3 7 2
706765004764 1 6 4 1 7 2
-72403251431 1 4 2 1 4 1 7 2
-3573366051550 1 2 2 2 4 1 7 2
866089218659 2 3 4 1 7 2
-626192785130 1 3 3 1 4 1 7 2
2187398955839 1 1 2 1 3 1 4 1 7 2
-131463681579 3 2 4 1 7 2
306907490149 1 2 4 2 7 2
-274000567863 2 1 4 2 7 2
-270744383945 1 5 5 1 7 2
-656956993101 1 3 2 1 5 1 7 2
1265087723609 1 1 2 2 5 1 7 2
464993000012 1 2 3 1 5 1 7 2
-310422728163 2 1 3 1 5 1 7 2
-263069171406 1 1 4 1 5 1 7 2
21280001543 5 2 7 2
107508690416 1 4 6 1 7 2
682183296489 1 2 2 1 6 1 7 2
-319298838309 2 2 6 1 7 2
-259412800548 1 1 3 1 6 1 7 2
73764889456 4 1 6 1 7 2
10127034403 1 3 7 3
-103553352831 1 1 2 1 7 3
14189332230 3 1 7 3
117076729754 1 16 8 1
-1700406218271 1 14 2 1 8 1
9590790994057 1 12 2 2 8 1
-26048530535820 1 10 2 3 8 1
33036249050984 1 8 2 4 8 1
-11626377158393 1 6 2 5 8 1
-10625139073829 1 4 2 6 8 1
7792228505386 1 2 2 7 8 1
-930291076726 2 8 8 1
1259059426128 1 13 3 1 8 1
-12512832899710 1 11 2 1 3 1 8 1
42270091412454 1 9 2 2 3 1 8 1
-50041387269430 1 7 2 3 3 1 8 1
-6189723662326 1 5 2 4 3 1 8 1
40116430142736 1 3 2 5 3 1 8 1
-13086899641606 1 1 2 6 3 1 8 1
3878432946879 1 10 3 2 8 1
-20675706145600 1 8 2 1 3 2 8 1
19657007594257 1 6 2 2 3 2 8 1
31368739135612 1 4 2 3 3 2 8 1
-37321016797277 1 2 2 4 3 2 8 1
3651189047801 2 5 3 2 8 1
2892957393688 1 7 3 3 8 1
176352863298 1 5 2 1 3 3 8 1
-19585654017662 1 3 2 2 3 3 8 1
11016606363974 1 1 2 3 3 3 8 1
-717148933737 1 4 3 4 8 1
3766430417129 1 2 2 1 3 4 8 1
-814388574130 2 2 3 4 8 1
-175423505886 1 1 3 5 8 1
-1170419402035 1 12 4 1 8 1
10629388037613 1 10 2 1 4 1 8 1
-31450696674630 1 8 2 2 4 1 8 1
28452218774581 1 6 2 3 4 1 8 1
12857130405561 1 4 2 4 4 1 8 1
-23123101756593 1 2 2 5 4 1 8 1
4365460971767 2 6 4 1 8 1
-6267269580505 1 9 3 1 4 1 8 1
27594650140523 1 7 2 1 3 1 4 1 8 1
-11252156832955 1 5 2 2 3 1 4 1 8 1
-51681828115608 1 3 2 3 3 1 4 1 8 1
32315882953465 1 1 2 4 3 1 4 1 8 1
-4772960972639 1 6 3 2 4 1 8 1
-8531927481378 1 4 2 1 3 2 4 1 8 1
34741164314850 1 2 2 2 3 2 4 1 8 1
-6490505179130 2 3 3 2 4 1 8 1
2694750925820 1 3 3 3 4 1 8 1
-5773994295325 1 1 2 1 3 3 4 1 8 1
153901039772 3 4 4 1 8 1
2539107258148 1 8 4 2 8 1
-9097000746854 1 6 2 1 4 2 8 1
-543237320700 1 4 2 2 4 2 8 1
16919474217875 1 2 2 3 4 2 8 1
-5888365725680 2 4 4 2 8 1
2281712661517 1 5 3 1 4 2 8 1
9804668979940 1 3 2 1 3 1 4 2 8 1
-17100820547495 1 1 2 2 3 1 4 2 8 1
-2842993693670 1 2 3 2 4 2 8 1
1860751048463 2 1 3 2 4 2 8 1
-308877236805 1 4 4 3 8 1
-2522813790765 1 2 2 1 4 3 8 1
2279256867793 2 2 4 3 8 1
1080339592311 1 1 3 1 4 3 8 1
-118996952426 4 4 8 1
889749187681 1 11 5 1 8 1
-6903174536555 1 9 2 1 5 1 8 1
15544891547657 1 7 2 2 5 1 8 1
-4957658149710 1 5 2 3 5 1 8 1
-13933322663023 1 3 2 4 5 1 8 1
7302378095602 1 1 2 5 5 1 8 1
3778478216343 1 8 3 1 5 1 8 1
-11037518544115 1 6 2 1 3 1 5 1 8 1
-8477192089230 1 4 2 2 3 1 5 1 8 1
25730330793162 1 2 2 3 3 1 5 1 8 1
-3735619670375 2 4 3 1 5 1 8 1
1097694226754 1 5 3 2 5 1 8 1
8752711517331 1 3 2 1 3 2 5 1 8 1
-9846145210060 1 1 2 2 3 2 5 1 8 1
-1387153182795 1 2 3 3 5 1 8 1
710398156953 2 1 3 3 5 1 8 1
-2840370892655 1 7 4 1 5 1 8 1
5502039803923 1 5 2 1 4 1 5 1 8 1
10416915173285 1 3 2 2 4 1 5 1 8 1
-12981010358260 1 1 2 3 4 1 5 1 8 1
121361195540 1 4 3 1 4 1 5 1 8 1
-12666426584735 1 2 2 1 3 1 4 1 5 1 8 1
4325559067165 2 2 3 1 4 1 5 1 8 1
1862274684941 1 1 3 2 4 1 5 1 8 1
-561143019950 1 3 4 2 5 1 8 1
3721502096926 1 1 2 1 4 2 5 1 8 1
-450338410979 3 1 4 2 5 1 8 1
693882288901 1 6 5 2 8 1
-51539542675 1 4 2 1 5 2 8 1
-3526567125505 1 2 2 2 5 2 8 1
843709010814 2 3 5 2 8 1
-623472459325 1 3 3 1 5 2 8 1
2142984155399 1 1 2 1 3 1 5 2 8 1
-128304021803 3 2 5 2 8 1
606560436632 1 2 4 1 5 2 8 1
-533023864396 2 1 4 1 5 2 8 1
-85729289431 1 1 5 3 8 1
-815297988984 1 10 6 1 8 1
5639439225648 1 8 2 1 6 1 8 1
-10392094184920 1 6 2 2 6 1 8 1
169958018132 1 4 2 3 6 1 8 1
9251019572250 1 2 2 4 6 1 8 1
-2679831980801 2 5 6 1 8 1
-2833483521380 1 7 3 1 6 1 8 1
5454542504222 1 5 2 1 3 1 6 1 8 1
10427283944942 1 3 2 2 3 1 6 1 8 1
-12866738994810 1 1 2 3 3 1 6 1 8 1
72115276689 1 4 3 2 6 1 8 1
-6311389042420 1 2 2 1 3 2 6 1 8 1
2124303948427 2 2 3 2 6 1 8 1
613739801858 1 1 3 3 6 1 8 1
2137040133228 1 6 4 1 6 1 8 1
-2409859324465 1 4 2 1 4 1 6 1 8 1
-8229404263360 1 2 2 2 4 1 6 1 8 1
5235854832149 2 3 4 1 6 1 8 1
-1130559846230 1 3 3 1 4 1 6 1 8 1
7377924961325 1 1 2 1 3 1 4 1 6 1 8 1
-441920647971 3 2 4 1 6 1 8 1
590868845263 1 2 4 2 6 1 8 1
-1657114821429 2 1 4 2 6 1 8 1
-876070350940 1 5 5 1 6 1 8 1
-1122953292905 1 3 2 1 5 1 6 1 8 1
4248607896854 1 1 2 2 5 1 6 1 8 1
1213317962564 1 2 3 1 5 1 6 1 8 1
-1042810854069 2 1 3 1 5 1 6 1 8 1
-883841295942 1 1 4 1 5 1 6 1 8 1
71539957201 5 2 6 1 8 1
274342216825 1 4 6 2 8 1
624908016402 1 2 2 1 6 2 8 1
-965916604515 2 2 6 2 8 1
-438228105312 1 1 3 1 6 2 8 1
223243661882 4 1 6 2 8 1
589207938637 1 9 7 1 8 1
-3244859802795 1 7 2 1 7 1 8 1
3362681966546 1 5 2 2 7 1 8 1
3697118065214 1 3 2 3 7 1 8 1
-3735619670375 1 1 2 4 7 1 8 1
1405287256303 1 6 3 1 7 1 8 1
-106192245152 1 4 2 1 3 1 7 1 8 1
-7126616571510 1 2 2 2 3 1 7 1 8 1
1687418021628 2 3 3 1 7 1 8 1
-630750344955 1 3 3 2 7 1 8 1
2154773839939 1 1 2 1 3 2 7 1 8 1
-85729289431 3 3 7 1 8 1
-894507559673 1 5 4 1 7 1 8 1
-1118437994085 1 3 2 1 4 1 7 1 8 1
4325559067165 1 1 2 2 4 1 7 1 8 1
1228583080941 1 2 3 1 4 1 7 1 8 1
-1066047728792 2 1 3 1 4 1 7 1 8 1
-450338410979 1 1 4 2 7 1 8 1
214102850600 1 4 5 1 7 1 8 1
1365104760774 1 2 2 1 5 1 7 1 8 1
-635366157137 2 2 5 1 7 1 8 1
-517452282757 1 1 3 1 5 1 7 1 8 1
146744278864 4 1 5 1 7 1 8 1
-14161641152 1 3 6 1 7 1 8 1
-1042810854069 1 1 2 1 6 1 7 1 8 1
143079914402 3 1 6 1 7 1 8 1
-67086619128 1 2 7 2 8 1
89364020601 2 1 7 2 8 1
-264476779470 1 8 8 2
1242632688409 1 6 2 1 8 2
-800709880985 1 4 2 2 8 2
-1500922446070 1 2 2 3 8 2
768666127388 2 4 8 2
-444552085124 1 5 3 1 8 2
-565346622025 1 3 2 1 3 1 8 2
2140794541005 1 1 2 2 3 1 8 2
307044651914 1 2 3 2 8 2
-260288042153 2 1 3 2 8 2
281316391595 1 4 4 1 8 2
627926121298 1 2 2 1 4 1 8 2
-984852299562 2 2 4 1 8 2
-445862300249 1 1 3 1 4 1 8 2
113944755179 4 2 8 2
-6887946141 1 3 5 1 8 2
-520576084306 1 1 2 1 5 1 8 2
71228511027 3 1 5 1 8 2
-29817569778 1 2 6 1 8 2
270619532077 2 1 6 1 8 2
71228511027 1 1 7 1 8 2
-14268926302 8 3
-102836843093 1 15 9 1
1369731188602 1 13 2 1 9 1
-6875601119504 1 11 2 2 9 1
15716379018460 1 9 2 3 9 1
-14398469617967 1 7 2 4 9 1
-803223569102 1 5 2 5 9 1
7331940280018 1 3 2 6 9 1
-2135753351048 1 1 2 7 9 1
-989430718159 1 12 3 1 9 1
8587030832816 1 10 2 1 3 1 9 1
-23344057945441 1 8 2 2 3 1 9 1
15835232535074 1 6 2 3 3 1 9 1
16520099430375 1 4 2 4 3 1 9 1
-16780974065510 1 2 2 5 3 1 9 1
1419060574237 2 6 3 1 9 1
-2514423330340 1 9 3 2 9 1
9978548222434 1 7 2 1 3 2 9 1
-619070520242 1 5 2 2 3 2 9 1
-21563099704466 1 3 2 3 3 2 9 1
9498583473497 1 1 2 4 3 2 9 1
-1087882223075 1 6 3 3 9 1
-2992942306430 1 4 2 1 3 3 9 1
8512445581693 1 2 2 2 3 3 9 1
-1268546888324 2 3 3 3 9 1
563755029539 1 3 3 4 9 1
-1012178088658 1 1 2 1 3 4 9 1
21522466114 3 5 9 1
900790694066 1 11 4 1 9 1
-7002645617355 1 9 2 1 4 1 9 1
15825431477522 1 7 2 2 4 1 9 1
-5167488267740 1 5 2 3 4 1 9 1
-14082497689928 1 3 2 4 4 1 9 1
7443031895632 1 1 2 5 4 1 9 1
3838309994063 1 8 3 1 4 1 9 1
-11280060485055 1 6 2 1 3 1 4 1 9 1
-8440879509370 1 4 2 2 3 1 4 1 9 1
26132876012887 1 2 2 3 3 1 4 1 9 1
-3822521473470 2 4 3 1 4 1 9 1
1136693381759 1 5 3 2 4 1 9 1
8848836911641 1 3 2 1 3 2 4 1 9 1
-10042774992025 1 1 2 2 3 2 4 1 9 1
-1409729988085 1 2 3 3 4 1 9 1
726489882358 2 1 3 3 4 1 9 1
-1445459432695 1 7 4 2 9 1
2829353754544 1 5 2 1 4 2 9 1
5249088812850 1 3 2 2 4 2 9 1
-6621917170220 1 1 2 3 4 2 9 1
45176596195 1 4 3 1 4 2 9 1
-6432261806300 1 2 2 1 3 1 4 2 9 1
2215988780025 2 2 3 1 4 2 9 1
950686676103 1 1 3 2 4 2 9 1
-186819600640 1 3 4 3 9 1
1266887248032 1 1 2 1 4 3 9 1
-154013371628 3 1 4 3 9 1
-665140739742 1 10 5 1 9 1
4276933638920 1 8 2 1 5 1 9 1
-6531404880084 1 6 2 2 5 1 9 1
-2722332168940 1 4 2 3 5 1 9 1
7263121472317 1 2 2 4 5 1 9 1
-886926444426 2 5 5 1 9 1
-2113643116174 1 7 3 1 5 1 9 1
2856140199932 1 5 2 1 3 1 5 1 9 1
9555833322005 1 3 2 2 3 1 5 1 9 1
-7644007557754 1 1 2 3 3 1 5 1 9 1
301483589325 1 4 3 2 5 1 9 1
-4731194164108 1 2 2 1 3 2 5 1 9 1
1265087723609 2 2 3 2 5 1 9 1
434888325293 1 1 3 3 5 1 9 1
1417199728022 1 6 4 1 5 1 9 1
-145573485725 1 4 2 1 4 1 5 1 9 1
-7162211527450 1 2 2 2 4 1 5 1 9 1
1732178437318 2 3 4 1 5 1 9 1
-1255343806225 1 3 3 1 4 1 5 1 9 1
4379887430798 1 1 2 1 3 1 4 1 5 1 9 1
-263069171406 3 2 4 1 5 1 9 1
615424842597 1 2 4 2 5 1 9 1
-548001135726 2 1 4 2 5 1 9 1
-271434207811 1 5 5 2 9 1
-658646633430 1 3 2 1 5 2 9 1
1266510852220 1 1 2 2 5 2 9 1
465927256815 1 2 3 1 5 2 9 1
-310541393328 2 1 3 1 5 2 9 1
-263395014108 1 1 4 1 5 2 9 1
14189332230 5 3 9 1
590689541045 1 9 6 1 9 1
-3254862263549 1 7 2 1 6 1 9 1
3378945267236 1 5 2 2 6 1 9 1
3701388020826 1 3 2 3 6 1 9 1
-3748905485250 1 1 2 4 6 1 9 1
1410312356747 1 6 3 1 6 1 9 1
-113300655305 1 4 2 1 3 1 6 1 9 1
-7145502910581 1 2 2 2 3 1 6 1 9 1
1694858244179 2 3 3 1 6 1 9 1
-631494347391 1 3 3 2 6 1 9 1
2162708621853 1 1 2 1 3 2 6 1 9 1
-86089864456 3 3 6 1 9 1
-898341078440 1 5 4 1 6 1 9 1
-1117421433530 1 3 2 1 4 1 6 1 9 1
4341661084104 1 1 2 2 4 1 6 1 9 1
1231683125154 1 2 3 1 4 1 6 1 9 1
-1070995439664 2 1 3 1 4 1 6 1 9 1
-452090081526 1 1 4 2 6 1 9 1
215646298605 1 4 5 1 6 1 9 1
1368318610275 1 2 2 1 5 1 6 1 9 1
-638597676618 2 2 5 1 6 1 9 1
-519546751146 1 1 3 1 5 1 6 1 9 1
147529778912 4 1 5 1 6 1 9 1
-7437352730 1 3 6 2 9 1
-523500100848 1 1 2 1 6 2 9 1
71904529028 3 1 6 2 9 1
-407798382798 1 8 7 1 9 1
1656572475782 1 6 2 1 7 1 9 1
-233849731780 1 4 2 2 7 1 9 1
-2686278476612 1 2 2 3 7 1 9 1
510869393971 2 4 7 1 9 1
-549655484035 1 5 3 1 7 1 9 1
-1334246041862 1 3 2 1 3 1 7 1 9 1
2546474620893 1 1 2 2 3 1 7 1 9 1
470565866662 1 2 3 2 7 1 9 1
-310962158548 2 1 3 2 7 1 9 1
223347897250 1 4 4 1 7 1 9 1
1384254995129 1 2 2 1 4 1 7 1 9 1
-654440582112 2 2 4 1 7 1 9 1
-529919066827 1 1 3 1 4 1 7 1 9 1
75704621757 4 2 7 1 9 1
61040428770 1 3 5 1 7 1 9 1
-622161647426 1 1 2 1 5 1 7 1 9 1
85171067437 3 1 5 1 7 1 9 1
-134367314073 1 2 6 1 7 1 9 1
179763834311 2 1 6 1 7 1 9 1
42611064351 1 1 7 2 9 1
347544003101 1 7 8 1 9 1
-1081450159650 1 5 2 1 8 1 9 1
-538025657970 1 3 2 2 8 1 9 1
1687418021628 1 1 2 3 8 1 9 1
217944507825 1 4 3 1 8 1 9 1
1388684129854 1 2 2 1 3 1 8 1 9 1
-635366157137 2 2 3 1 8 1 9 1
-260844239151 1 1 3 2 8 1 9 1
-18087444912 1 3 4 1 8 1 9 1
-1066047728792 1 1 2 1 4 1 8 1 9 1
146744278864 3 1 4 1 8 1 9 1
-134753062943 1 2 5 1 8 1 9 1
178728041202 2 1 5 1 8 1 9 1
143079914402 1 1 6 1 8 1 9 1
-28421732121 7 1 8 1 9 1
-104543193146 1 6 9 2
149082844170 1 4 2 1 9 2
389875194800 1 2 2 2 9 2
-131291857258 2 3 9 2
31358698820 1 3 3 1 9 2
-313587230543 1 1 2 1 3 1 9 2
21337760868 3 2 9 2
-67980068204 1 2 4 1 9 2
92413004331 2 1 4 1 9 2
42683515340 1 1 5 1 9 2
-14304850880 6 1 9 2
102836843093 1 14 10 1
-1281091164509 1 12 2 1 10 1
5881905445088 1 10 2 2 10 1
-11800158817191 1 8 2 3 10 1
8354192670775 1 6 2 4 10 1
2512972162627 1 4 2 5 10 1
-4271934556898 1 2 2 6 10 1
716692776811 2 7 10 1
900790694066 1 11 3 1 10 1
-6993488032828 1 9 2 1 3 1 10 1
15763520407756 1 7 2 2 3 1 10 1
-5066647521300 1 5 2 3 3 1 10 1
-14056413774350 1 3 2 4 3 1 10 1
7361353092272 1 1 2 5 3 1 10 1
1914576204768 1 8 3 2 10 1
-5597589955299 1 6 2 1 3 2 10 1
-4275496722952 1 4 2 2 3 2 10 1
12991195375389 1 2 2 3 3 2 10 1
-1870421335055 2 4 3 2 10 1
371241292356 1 5 3 3 10 1
2949405700362 1 3 2 1 3 3 10 1
-3301395755352 1 1 2 2 3 3 10 1
-349959246859 1 2 3 4 10 1
178075875730 2 1 3 4 10 1
-826339495369 1 10 4 1 10 1
5728271119513 1 8 2 1 4 1 10 1
-10602075966215 1 6 2 2 4 1 10 1
268560398822 1 4 2 3 4 1 10 1
9368466223010 1 2 2 4 4 1 10 1
-2733583977736 2 5 4 1 10 1
-2882676112165 1 7 3 1 4 1 10 1
5599887073407 1 5 2 1 3 1 4 1 10 1
10512026879832 1 3 2 2 3 1 4 1 10 1
-13098953894695 1 1 2 3 3 1 4 1 10 1
59755344869 1 4 3 2 4 1 10 1
-6405863897735 1 2 2 1 3 2 4 1 10 1
2166240061292 2 2 3 2 4 1 10 1
624838290743 1 1 3 3 4 1 10 1
1089672676369 1 6 4 2 10 1
-1252557602980 1 4 2 1 4 2 10 1
-4161394961370 1 2 2 2 4 2 10 1
2673749952877 2 3 4 2 10 1
-565732264345 1 3 3 1 4 2 10 1
3759442727600 1 1 2 1 3 1 4 2 10 1
-225577389813 3 2 4 2 10 1
198457981041 1 2 4 3 10 1
-564872740678 2 1 4 3 10 1
590689541045 1 9 5 1 10 1
-3253506881599 1 7 2 1 5 1 10 1
3373068957446 1 5 2 2 5 1 10 1
3702762525781 1 3 2 3 5 1 10 1
-3740842670110 1 1 2 4 5 1 10 1
1408956974797 1 6 3 1 5 1 10 1
-106583032195 1 4 2 1 3 1 5 1 10 1
-7141066746366 1 2 2 2 3 1 5 1 10 1
1686795429039 2 3 3 1 5 1 10 1
-632335660711 1 3 3 2 5 1 10 1
2156537377658 1 1 2 1 3 2 5 1 10 1
-85729289431 3 3 5 1 10 1
-897262747935 1 5 4 1 5 1 10 1
-1119914463560 1 3 2 1 4 1 5 1 10 1
4332480122584 1 1 2 2 4 1 5 1 10 1
1231673283109 1 2 3 1 4 1 5 1 10 1
-1065668590214 2 1 3 1 4 1 5 1 10 1
-451154779626 1 1 4 2 5 1 10 1
107283984050 1 4 5 2 10 1
684582515200 1 2 2 1 5 2 10 1
-317371782274 2 2 5 2 10 1
-258945149598 1 1 3 1 5 2 10 1
73297238506 4 1 5 2 10 1
-530435161348 1 8 6 1 10 1
2493912455622 1 6 2 1 6 1 10 1
-1611970553143 1 4 2 2 6 1 10 1
-3007239775015 1 2 2 3 6 1 10 1
1543177847100 2 4 6 1 10 1
-892773888742 1 5 3 1 6 1 10 1
-1130138656734 1 3 2 1 3 1 6 1 10 1
4295931487422 1 1 2 2 3 1 6 1 10 1
615674619584 1 2 3 2 6 1 10 1
-522481430273 2 1 3 2 6 1 10 1
565551771725 1 4 4 1 6 1 10 1
1256994987844 1 2 2 1 4 1 6 1 10 1
-1977627385710 2 2 4 1 6 1 10 1
-894872464379 1 1 3 1 4 1 6 1 10 1
228855680857 4 2 6 1 10 1
-14404810055 1 3 5 1 6 1 10 1
-1044962860546 1 1 2 1 5 1 6 1 10 1
143036846741 3 1 5 1 6 1 10 1
-29653912059 1 2 6 2 10 1
271831737509 2 1 6 2 10 1
347544003101 1 7 7 1 10 1
-1081286359377 1 5 2 1 7 1 10 1
-538275235662 1 3 2 2 7 1 10 1
1686795429039 1 1 2 3 7 1 10 1
217780707552 1 4 3 1 7 1 10 1
1388791899298 1 2 2 1 3 1 7 1 10 1
-634743564548 2 2 3 1 7 1 10 1
-260702430903 1 1 3 2 7 1 10 1
-18003298377 1 3 4 1 7 1 10 1
-1065668590214 1 1 2 1 4 1 7 1 10 1
146594477012 3 1 4 1 7 1 10 1
-134837209478 1 2 5 1 7 1 10 1
178498704476 2 1 5 1 7 1 10 1
143036846741 1 1 6 1 7 1 10 1
-14189332230 7 2 10 1
-301529510065 1 6 8 1 10 1
712112122605 1 4 2 1 8 1 10 1
655579761382 1 2 2 2 8 1 10 1
-789468149975 2 3 8 1 10 1
-15695809232 1 3 3 1 8 1 10 1
-1055825022844 1 1 2 1 3 1 8 1 10 1
71424438551 3 2 8 1 10 1
-57631076071 1 2 4 1 8 1 10 1
555749400064 2 1 4 1 8 1 10 1
142848877102 1 1 5 1 8 1 10 1
-86048480521 6 1 8 1 10 1
163071893256 1 5 9 1 10 1
-55441975440 1 3 2 1 9 1 10 1
-634743564548 1 1 2 2 9 1 10 1
-138351772088 1 2 3 1 9 1 10 1
178498704476 2 1 3 1 9 1 10 1
146594477012 1 1 4 1 9 1 10 1
-28378664460 5 1 9 1 10 1
-65742628260 1 4 10 2
-18770663094 1 2 2 1 10 2
171133809192 2 2 10 2
72720970723 1 1 3 1 10 2
-44342306263 4 1 10 2
-88640024093 1 13 11 1
993695674416 1 11 2 1 11 1
-3916220201269 1 9 2 2 11 1
6044276947192 1 7 2 3 11 1
-1709748593525 1 5 2 4 11 1
-3060005723120 1 3 2 5 11 1
1419060574237 1 1 2 6 11 1
-674298324269 1 10 3 1 11 1
4338844708686 1 8 2 1 3 1 11 1
-6632245626524 1 6 2 2 3 1 11 1
-2748416084518 1 4 2 3 3 1 11 1
7344800275677 1 2 2 4 3 1 11 1
-886926444426 2 5 3 1 11 1
-1072427687045 1 7 3 2 11 1
1450632160508 1 5 2 1 3 2 11 1
4835802275863 1 3 2 2 3 2 11 1
-3846429707922 1 1 2 3 3 2 11 1
101729532439 1 4 3 3 11 1
-1593185147976 1 2 2 1 3 3 11 1
422852191140 2 2 3 3 11 1
109476687800 1 1 3 4 11 1
599847125572 1 9 4 1 11 1
-3315417951365 1 7 2 1 4 1 11 1
3473909703886 1 5 2 2 4 1 11 1
3728846441359 1 3 2 3 4 1 11 1
-3822521473470 1 1 2 4 4 1 11 1
1440169232713 1 6 3 1 4 1 11 1
-150792623047 1 4 2 1 3 1 4 1 11 1
-7258240115105 1 2 2 2 3 1 4 1 11 1
1732178437318 2 3 3 1 4 1 11 1
-636955198935 1 3 3 2 4 1 11 1
2205507302844 1 1 2 1 3 2 4 1 11 1
-87954221686 3 3 4 1 11 1
-460573391429 1 5 4 2 11 1
-556646593610 1 3 2 1 4 2 11 1
2215988780025 1 1 2 2 4 2 11 1
625516684203 1 2 3 1 4 2 11 1
-548001135726 2 1 3 1 4 2 11 1
-154013371628 1 1 4 3 11 1
-409153764748 1 8 5 1 11 1
1662448785572 1 6 2 1 5 1 11 1
-235224236735 1 4 2 2 5 1 11 1
-2694341291752 1 2 2 3 5 1 11 1
510869393971 2 4 5 1 11 1
-551575127860 1 5 3 1 5 1 11 1
-1338404994322 1 3 2 1 3 1 5 1 11 1
2550566063293 1 1 2 2 3 1 5 1 11 1
471777597052 1 2 3 2 5 1 11 1
-311199488878 2 1 3 2 5 1 11 1
224189210570 1 4 4 1 5 1 11 1
1389344514249 1 2 2 1 4 1 5 1 11 1
-654440582112 2 2 4 1 5 1 11 1
-530854368727 1 1 3 1 4 1 5 1 11 1
75704621757 4 2 5 1 11 1
30687914975 1 3 5 2 11 1
-311620254098 1 1 2 1 5 2 11 1
42611064351 3 1 5 2 11 1
348899385051 1 7 6 1 11 1
-1087162669167 1 5 2 1 6 1 11 1
-536900730707 1 3 2 2 6 1 11 1
1694858244179 1 1 2 3 6 1 11 1
219700351377 1 4 3 1 6 1 11 1
1393034998293 1 2 2 1 3 1 6 1 11 1
-638597676618 2 2 3 1 6 1 11 1
-261998307828 1 1 3 2 6 1 11 1
-18928758232 1 3 4 1 6 1 11 1
-1070995439664 1 1 2 1 4 1 6 1 11 1
147529778912 3 1 4 1 6 1 11 1
-135088464123 1 2 5 1 6 1 11 1
179763834311 2 1 5 1 6 1 11 1
71904529028 1 1 6 2 11 1
-209250186565 1 6 7 1 11 1
298415266032 1 4 2 1 7 1 11 1
780372982189 1 2 2 2 7 1 11 1
-262583714516 2 3 7 1 11 1
62775059353 1 3 3 1 7 1 11 1
-627411791416 1 1 2 1 3 1 7 1 11 1
42683515340 3 2 7 1 11 1
-136101944656 1 2 4 1 7 1 11 1
184826008662 2 1 4 1 7 1 11 1
85402104737 1 1 5 1 7 1 11 1
-28609701760 6 1 7 1 11 1
163235693529 1 5 8 1 11 1
-55691553132 1 3 2 1 8 1 11 1
-635366157137 1 1 2 2 8 1 11 1
-138409433801 1 2 3 1 8 1 11 1
178728041202 2 1 3 1 8 1 11 1
146744278864 1 1 4 1 8 1 11 1
-28421732121 5 1 8 1 11 1
-68208006120 1 4 9 1 11 1
-150507443088 1 2 2 1 9 1 11 1
113977241688 2 2 9 1 11 1
86280535342 1 1 3 1 9 1 11 1
-29531200026 4 1 9 1 11 1
36621369384 1 3 10 1 11 1
178498704476 1 1 2 1 10 1 11 1
-28378664460 3 1 10 1 11 1
6066694343 1 2 11 2
-18755025180 2 1 11 2
88640024093 1 12 12 1
-919244475719 1 10 2 1 12 1
3241692828999 1 8 2 2 12 1
-4136339387250 1 6 2 3 12 1
284730428493 1 4 2 4 12 1
2074820697561 1 2 2 5 12 1
-532134129811 2 6 12 1
599847125572 1 9 3 1 12 1
-3308530580090 1 7 2 1 3 1 12 1
3443935082686 1 5 2 2 3 1 12 1
3736102053214 1 3 2 3 3 1 12 1
-3781732430520 1 1 2 4 3 1 12 1
716640930719 1 6 3 2 12 1
-58192926371 1 4 2 1 3 2 12 1
-3617864678365 1 2 2 2 3 2 12 1
845694697184 2 3 3 2 12 1
-213795782680 1 3 3 3 12 1
724625525128 1 1 2 1 3 3 12 1
-21522466114 3 4 12 1
-539592745875 1 8 4 1 12 1
2547580772163 1 6 2 1 4 1 12 1
-1677874898825 1 4 2 2 4 1 12 1
-3040551668385 1 2 2 3 4 1 12 1
1579473642181 2 4 4 1 12 1
-915743393433 1 5 3 1 4 1 12 1
-1126138929065 1 3 2 1 3 1 4 1 12 1
4385549288205 1 1 2 2 3 1 4 1 12 1
625567620233 1 2 3 2 4 1 12 1
-534442877456 2 1 3 2 4 1 12 1
291934308475 1 4 4 2 12 1
631920224478 1 2 2 1 4 2 12 1
-1013547062187 2 2 4 2 12 1
-457324088969 1 1 3 1 4 2 12 1
78308749871 4 3 12 1
348899385051 1 7 5 1 12 1
-1086248138935 1 5 2 1 5 1 12 1
-538302869725 1 3 2 2 5 1 12 1
1691389394368 1 1 2 3 5 1 12 1
218785821145 1 4 3 1 5 1 12 1
1393643643659 1 2 2 1 3 1 5 1 12 1
-635128826807 2 2 3 1 5 1 12 1
-261204814176 1 1 3 2 5 1 12 1
-18458862827 1 3 4 1 5 1 12 1
-1068885754912 1 1 2 1 4 1 5 1 12 1
146693217599 3 1 4 1 5 1 12 1
-67779179764 1 2 5 2 12 1
89245355436 2 1 5 2 12 1
-302884892015 1 6 6 1 12 1
716910101890 1 4 2 1 6 1 12 1
655772826602 1 2 2 2 6 1 12 1
-793676853045 2 3 6 1 12 1
-16537122552 1 3 3 1 6 1 12 1
-1060700390114 1 1 2 1 3 1 6 1 12 1
71785013576 3 2 6 1 12 1
-57175511621 1 2 4 1 6 1 12 1
558875817779 2 1 4 1 6 1 12 1
143570027152 1 1 5 1 6 1 12 1
-43294827268 6 2 12 1
163235693529 1 5 7 1 12 1
-55607406597 1 3 2 1 7 1 12 1
-635128826807 1 1 2 2 7 1 12 1
-138493580336 1 2 3 1 7 1 12 1
178490710872 2 1 3 1 7 1 12 1
146693217599 1 1 4 1 7 1 12 1
-28370670856 5 1 7 1 12 1
-131649056793 1 4 8 1 12 1
-37375895031 1 2 2 1 8 1 12 1
342660874247 2 2 8 1 12 1
145583749694 1 1 3 1 8 1 12 1
-88791346717 4 1 8 1 12 1
36621369384 1 3 9 1 12 1
178490710872 1 1 2 1 9 1 12 1
-28370670856 3 1 9 1 12 1
-20384087214 1 2 10 1 12 1
-112609989656 2 1 10 1 12 1
-28370670856 1 1 11 1 12 1
10639874063 12 2
-74451198697 1 11 13 1
674527372270 1 9 2 1 13 1
-1907937559942 1 7 2 2 13 1
1425018165032 1 5 2 3 13 1
985185025559 1 3 2 4 13 1
-886926444426 1 1 2 5 13 1
-416041136023 1 8 3 1 13 1
1692423406772 1 6 2 1 3 1 13 1
-242479848590 1 4 2 2 3 1 13 1
-2735130334702 1 2 2 3 3 1 13 1
510869393971 2 4 3 1 13 1
-280705333195 1 5 3 2 13 1
-679878885906 1 3 2 1 3 2 13 1
1285478339684 1 1 2 2 3 2 13 1
159324077109 1 2 3 3 13 1
-104092783216 2 1 3 3 13 1
355786756326 1 7 4 1 13 1
-1116222760135 1 5 2 1 4 1 13 1
-531047257870 1 3 2 2 4 1 13 1
1732178437318 1 1 2 3 4 1 13 1
228621359675 1 4 3 1 4 1 13 1
1415382170019 1 2 2 1 3 1 4 1 13 1
-654440582112 2 2 3 1 4 1 13 1
-267785197321 1 1 3 2 4 1 13 1
-11638380401 1 3 4 2 13 1
-548001135726 1 1 2 1 4 2 13 1
75704621757 3 1 4 2 13 1
-210164716797 1 6 5 1 13 1
299817405050 1 4 2 1 5 1 13 1
783841832000 1 2 2 2 5 1 13 1
-262583714516 2 3 5 1 13 1
63098657600 1 3 3 1 5 1 13 1
-628727982516 1 1 2 1 3 1 5 1 13 1
42726583001 3 2 5 1 13 1
-136895438308 1 2 4 1 5 1 13 1
184826008662 2 1 4 1 5 1 13 1
42799033990 1 1 5 2 13 1
164150223761 1 5 6 1 13 1
-57009545615 1 3 2 1 6 1 13 1
-638597676618 1 1 2 2 6 1 13 1
-138817178583 1 2 3 1 6 1 13 1
179763834311 2 1 3 1 6 1 13 1
147529778912 1 1 4 1 6 1 13 1
-28609701760 5 1 6 1 13 1
-68292152655 1 4 7 1 13 1
-150744773418 1 2 2 1 7 1 13 1
113977241688 2 2 7 1 13 1
86331596607 1 1 3 1 7 1 13 1
-29531200026 4 1 7 1 13 1
36705515919 1 3 8 1 13 1
178728041202 1 1 2 1 8 1 13 1
-28421732121 3 1 8 1 13 1
12141382290 1 2 9 1 13 1
-37510050360 2 1 9 1 13 1
-28378664460 1 1 10 1 13 1
7090922730 11 1 13 1
74451198697 1 10 14 1
-614272992573 1 8 2 1 14 1
1495887137066 1 6 2 2 14 1
-745206120106 1 4 2 3 14 1
-827937510455 1 2 2 4 14 1
376057050455 2 5 14 1
355786756326 1 7 3 1 14 1
-1111733900942 1 5 2 1 3 1 14 1
-538058711592 1 3 2 2 3 1 14 1
1715256671054 1 1 2 3 3 1 14 1
112066250241 1 4 3 2 14 1
709235545739 1 2 2 1 3 2 14 1
-318759407924 2 2 3 2 14 1
-87954221686 1 1 3 3 14 1
-309772263290 1 6 4 1 14 1
741481333665 1 4 2 1 4 1 14 1
656545058617 1 2 2 2 4 1 14 1
-815154140690 2 3 4 1 14 1
-20969271657 1 3 3 1 4 1 14 1
-1085750734429 1 1 2 1 3 1 4 1 14 1
73649370806 3 2 4 1 14 1
-27374624663 1 2 4 2 14 1
287470505307 2 1 4 2 14 1
164150223761 1 5 5 1 14 1
-56623796745 1 3 2 1 5 1 14 1
-637518815848 1 1 2 2 5 1 14 1
-139202927453 1 2 3 1 5 1 14 1
178684973541 2 1 3 1 5 1 14 1
147298741612 1 1 4 1 5 1 14 1
-14189332230 5 2 14 1
-132563587025 1 4 6 1 14 1
-36443651418 1 2 2 1 6 1 14 1
344856600619 2 2 6 1 14 1
146377243346 1 1 3 1 6 1 14 1
-89388877126 4 1 6 1 14 1
36705515919 1 3 7 1 14 1
178684973541 1 1 2 1 7 1 14 1
-28378664460 3 1 7 1 14 1
-20468233749 1 2 8 1 14 1
-112796258721 2 1 8 1 14 1
-28378664460 1 1 9 1 14 1
21287741730 10 1 14 1
-60254379697 1 9 15 1
412050422876 1 7 2 1 15 1
-679812044926 1 5 2 2 15 1
-157247515104 1 3 2 3 15 1
510869393971 1 1 2 4 15 1
-214653575990 1 6 3 1 15 1
306828858772 1 4 2 1 3 1 15 1
800763598264 1 2 2 2 3 1 15 1
-262583714516 2 3 3 1 15 1
32356850359 1 3 3 2 15 1
-317528493638 1 1 2 1 3 2 15 1
14304850880 3 3 15 1
168639082954 1 5 4 1 15 1
-63635250467 1 3 2 1 4 1 15 1
-654440582112 1 1 2 2 4 1 15 1
-140817970571 1 2 3 1 4 1 15 1
184826008662 2 1 3 1 4 1 15 1
75704621757 1 1 4 2 15 1
-68677901525 1 4 5 1 15 1
-151823634188 1 2 2 1 5 1 15 1
113977241688 2 2 5 1 15 1
86562633907 1 1 3 1 5 1 15 1
-29531200026 4 1 5 1 15 1
37091264789 1 3 6 1 15 1
179763834311 1 1 2 1 6 1 15 1
-28609701760 3 1 6 1 15 1
12184449951 1 2 7 1 15 1
-37510050360 2 1 7 1 15 1
-28421732121 1 1 8 1 15 1
7090922730 9 1 15 1
60254379697 1 8 16 1
-366035929840 1 6 2 1 16 1
473709701410 1 4 2 2 16 1
219110065384 1 2 2 3 16 1
-248285679455 2 4 16 1
168639082954 1 5 3 1 16 1
-61713510192 1 3 2 1 3 1 16 1
-649190438122 1 1 2 2 3 1 16 1
-71369855423 1 2 3 2 16 1
89787932336 2 1 3 2 16 1
-137052446218 1 4 4 1 16 1
-31739686841 1 2 2 1 4 1 16 1
355637331762 2 2 4 1 16 1
150299775609 1 1 3 1 4 1 16 1
-46173421731 4 2 16 1
37091264789 1 3 5 1 16 1
179575864672 1 1 2 1 5 1 16 1
-28421732121 3 1 5 1 16 1
-20853982619 1 2 6 1 16 1
-113644082191 2 1 6 1 16 1
-28421732121 1 1 7 1 16 1
21330809391 8 1 16 1
-46014493036 1 7 17 1
206102343516 1 5 2 1 17 1
-61862550280 1 3 2 2 17 1
-262583714516 1 1 2 3 17 1
-70599641800 1 4 3 1 17 1
-157073778178 1 2 2 1 3 1 17 1
113977241688 2 2 3 1 17 1
43836050906 1 1 3 2 17 1
39013005064 1 3 4 1 17 1
184826008662 1 1 2 1 4 1 17 1
-29531200026 3 1 4 1 17 1
12372419590 1 2 5 1 17 1
-37510050360 2 1 5 1 17 1
-28609701760 1 1 6 1 17 1
7090922730 7 1 17 1
46014493036 1 6 18 1
-174515706780 1 4 2 1 18 1
5500618036 1 2 2 2 18 1
148606472828 2 3 18 1
39013005064 1 3 3 1 18 1
183904510396 1 1 2 1 3 1 18 1
-14304850880 3 2 18 1
-22775722894 1 2 4 1 18 1
-117784758276 2 1 4 1 18 1
-28609701760 1 1 5 1 18 1
21518779030 6 1 18 1
-31586636736 1 5 19 1
56361932244 1 3 2 1 19 1
113977241688 1 1 2 2 19 1
13293917856 1 2 3 1 19 1
-37510050360 2 1 3 1 19 1
-29531200026 1 1 4 1 19 1
7090922730 5 1 19 1
31586636736 1 4 20 1
-40124650074 1 2 2 1 20 1
-76467191328 2 2 20 1
-29531200026 1 1 3 1 20 1
22440277296 4 1 20 1
-16237282170 1 3 21 1
-37510050360 1 1 2 1 21 1
7090922730 3 1 21 1
16237282170 1 2 22 1
30419127630 2 1 22 1
7090922730 1 1 23 1
-7090922730 24 1
