101629448203904620167168000000
-7090922730 1 23 2 1
163091222790 1 21 2 2
-1630912227900 1 19 2 3
9296199699030 1 17 2 4
-33270609449160 1 15 2 5
77631422048040 1 13 2 6
-118730410191120 1 11 2 7
116610224294850 1 9 2 8
-69966134576910 1 7 2 9
23322044858970 1 5 2 10
-3588006901380 1 3 2 11
163091222790 1 1 2 12
7090922730 1 22 3 1
-295763317950 1 20 2 1 3 1
4114171985580 1 18 2 2 3 1
-28927828202364 1 16 2 3 3 1
118513928914344 1 14 2 4 3 1
-298927707820976 1 12 2 5 3 1
468858852715968 1 10 2 6 3 1
-445685153602689 1 8 2 7 3 1
239695536467270 1 6 2 8 3 1
-63093100143954 1 4 2 9 3 1
5708811432180 1 2 2 10 3 1
132672095160 1 19 3 2
-3412074478788 1 17 2 1 3 2
33122303413968 1 15 2 2 3 2
-164469856861736 1 13 2 3 3 2
462143163577524 1 11 2 4 3 2
-752314464155397 1 9 2 5 3 2
688229723335232 1 7 2 6 3 2
-321309016778424 1 5 2 7 3 2
60722685819216 1 3 2 8 3 2
-2120804530800 1 1 2 9 3 2
928814721108 1 16 3 3
-16497314544136 1 14 2 1 3 3
110721606728408 1 12 2 2 3 3
-364916699692974 1 10 2 3 3 3
629290660758565 1 8 2 4 3 3
-550393150540940 1 6 2 5 3 3
212536935072336 1 4 2 6 3 3
-24278686008624 1 2 2 7 3 3
3006639633502 1 13 3 4
-35984596962639 1 11 2 1 3 4
154001076153795 1 9 2 2 3 4
-292325865301420 1 7 2 3 3 4
242755875939840 1 5 2 4 3 4
-71652757405144 1 3 2 5 3 4
3327055474392 1 1 2 6 3 4
4489527630783 1 10 3 5
-32598643671669 1 8 2 1 3 5
74010559332372 1 6 2 2 3 5
-58092530847730 1 4 2 3 3 5
11319610755360 1 2 2 4 3 5
2667389406260 1 7 3 6
-9206224105538 1 5 2 1 3 6
6901071627688 1 3 2 2 3 6
-624173534488 1 1 2 3 3 6
416890946570 1 4 3 7
-329668141404 1 2 2 1 3 7
3607935153 1 1 3 8
-7090922730 1 21 4 1
288672395220 1 19 2 1 4 1
-3847939867656 1 17 2 2 4 1
25630667266656 1 15 2 3 4 1
-98275902061264 1 13 2 4 4 1
228513419930172 1 11 2 5 4 1
-323735909021811 1 9 2 6 4 1
269906075899720 1 7 2 7 4 1
-121628010458646 1 5 2 8 4 1
24777905596500 1 3 2 9 4 1
-1467202370580 1 1 2 10 4 1
-258253267590 1 18 3 1 4 1
6329194772088 1 16 2 1 3 1 4 1
-57839646641924 1 14 2 2 3 1 4 1
266575963015908 1 12 2 3 3 1 4 1
-682321786862287 1 10 2 4 3 1 4 1
984830044444350 1 8 2 5 3 1 4 1
-765557244245318 1 6 2 6 3 1 4 1
281162284319900 1 4 2 7 3 1 4 1
-34572805073730 1 2 2 8 3 1 4 1
-2557722095760 1 15 3 2 4 1
42459528825820 1 13 2 1 3 2 4 1
-261878182414394 1 11 2 2 3 2 4 1
774573131385716 1 9 2 3 3 2 4 1
-1155871300903104 1 7 2 4 3 2 4 1
821449735965640 1 5 2 5 3 2 4 1
-225232729603424 1 3 2 6 3 2 4 1
10970464111056 1 1 2 7 3 2 4 1
-10101942977724 1 12 3 3 4 1
109766840733784 1 10 2 1 3 3 4 1
-413653881486504 1 8 2 2 3 3 4 1
657560164167296 1 6 2 3 3 3 4 1
-415273828621689 1 4 2 4 3 3 4 1
72342734213876 1 2 2 5 3 3 4 1
-16437004953489 1 9 3 4 4 1
102525684069616 1 7 2 1 3 4 4 1
-186199789008834 1 5 2 2 3 4 4 1
100070823807672 1 3 2 3 3 4 4 1
-7574569548432 1 1 2 4 3 4 4 1
-9260509986258 1 6 3 5 4 1
23902178563668 1 4 2 1 3 5 4 1
-10179674689394 1 2 2 2 3 5 4 1
-1017522371376 1 3 3 6 4 1
300804660180 1 1 2 1 3 6 4 1
125581172430 1 17 4 2
-2931425144180 1 15 2 1 4 2
25173652395074 1 13 2 2 4 2
-107362453049306 1 11 2 3 4 2
249178070381773 1 9 2 4 4 2
-316748260998282 1 7 2 5 4 2
207229268049280 1 5 2 6 4 2
-59178973663800 1 3 2 7 4 2
4782916211922 1 1 2 8 4 2
2343304879076 1 14 3 1 4 2
-36249944421132 1 12 2 1 3 1 4 2
204471414166162 1 10 2 2 3 1 4 2
-538492710474156 1 8 2 3 3 1 4 2
685986055011530 1 6 2 4 3 1 4 2
-385469148719579 1 4 2 5 3 1 4 2
69160624933332 1 2 2 6 3 1 4 2
12632512366942 1 11 3 2 4 2
-123702398193236 1 9 2 1 3 2 4 2
405241650263430 1 7 2 2 3 2 4 2
-526041246642514 1 5 2 3 3 2 4 2
237095226089048 1 3 2 4 3 2 4 2
-17627149374484 1 1 2 5 3 2 4 2
23538678646380 1 8 3 3 4 2
-123551678361068 1 6 2 1 3 3 4 2
171502260703098 1 4 2 2 3 3 4 2
-54600551394884 1 2 2 3 3 3 4 2
12537724594632 1 5 3 4 4 2
-22255849083274 1 3 2 1 3 4 4 2
3680429906170 1 1 2 2 3 4 4 2
813235384266 1 2 3 5 4 2
-714397504424 1 13 4 3
10273425288568 1 11 2 1 4 3
-52779153167500 1 9 2 2 4 3
122987577502540 1 7 2 3 4 3
-132514558818049 1 5 2 4 4 3
58195017348852 1 3 2 5 4 3
-6892924247576 1 1 2 6 4 3
-6971449483840 1 10 3 1 4 3
61075384193540 1 8 2 1 3 1 4 3
-171687416848362 1 6 2 2 3 1 4 3
177221023746284 1 4 2 3 3 1 4 3
-52596438106390 1 2 2 4 3 1 4 3
-16457689996576 1 7 3 2 4 3
70933531359348 1 5 2 1 3 2 4 3
-70666865632260 1 3 2 2 3 2 4 3
9601399189320 1 1 2 3 3 2 4 3
-8329593173590 1 4 3 3 4 3
8790978731840 1 2 2 1 3 3 4 3
-212603959460 1 1 3 4 4 3
1434240461120 1 9 4 4
-11176752237563 1 7 2 1 4 4
26721242129873 1 5 2 2 4 4
-21676798967710 1 3 2 3 4 4
4265208839595 1 1 2 4 4 4
5621248180167 1 6 3 1 4 4
-19388810104345 1 4 2 1 3 1 4 4
12807039657950 1 2 2 2 3 1 4 4
2801285058160 1 3 3 2 4 4
-1259947587920 1 1 2 1 3 2 4 4
-754759507265 1 5 4 5
2058394242004 1 3 2 1 4 5
-905002317252 1 1 2 2 4 5
-444953014234 1 2 3 1 4 5
28657115030 1 1 4 6
7090922730 1 20 5 1
-266232117924 1 18 2 1 5 1
3297160935708 1 16 2 2 5 1
-20238026853080 1 14 2 3 5 1
70414287890804 1 12 2 4 5 1
-145122943694157 1 10 2 5 5 1
175779077702969 1 8 2 6 5 1
-118067526008624 1 6 2 7 5 1
38315194547454 1 4 2 8 5 1
-4241609061600 1 2 2 9 5 1
235812990294 1 17 3 1 5 1
-5345421666468 1 15 2 1 3 1 5 1
44709457323494 1 13 2 2 3 1 5 1
-185113098101360 1 11 2 3 3 1 5 1
413546248903424 1 9 2 4 3 1 5 1
-497559833785578 1 7 2 5 3 1 5 1
297391023951520 1 5 2 6 3 1 5 1
-70710836081112 1 3 2 7 3 1 5 1
3066044427774 1 1 2 8 3 1 5 1
2124727922088 1 14 3 2 5 1
-32021434097926 1 12 2 1 3 2 5 1
175260914715458 1 10 2 2 3 2 5 1
-443726602532976 1 8 2 3 3 2 5 1
533671596815994 1 6 2 4 3 2 5 1
-272501244911261 1 4 2 5 3 2 5 1
40116089881564 1 2 2 6 3 2 5 1
7401397154684 1 11 3 3 5 1
-70289597538406 1 9 2 1 3 3 5 1
221094455721234 1 7 2 2 3 3 5 1
-270353563585026 1 5 2 3 3 3 5 1
110322690348648 1 3 2 4 3 3 5 1
-6790157271180 1 1 2 5 3 3 5 1
9975778712959 1 8 3 4 5 1
-50217174799738 1 6 2 1 3 4 5 1
65542194702744 1 4 2 2 3 4 5 1
-18875623073068 1 2 2 3 3 4 5 1
4049959351758 1 5 3 5 5 1
-6751624708402 1 3 2 1 3 5 5 1
1013986915974 1 1 2 2 3 5 5 1
204286987110 1 2 3 6 5 1
-228722067564 1 16 4 1 5 1
4908608382766 1 14 2 1 4 1 5 1
-38288211217893 1 12 2 2 4 1 5 1
145095337367604 1 10 2 3 4 1 5 1
-288896813384385 1 8 2 4 4 1 5 1
297095907423562 1 6 2 5 4 1 5 1
-140650872928436 1 4 2 6 4 1 5 1
21940928222112 1 2 2 7 4 1 5 1
-3850152610834 1 13 3 1 4 1 5 1
53581064870164 1 11 2 1 3 1 4 1 5 1
-264531700535814 1 9 2 2 3 1 4 1 5 1
582880964902478 1 7 2 3 3 1 4 1 5 1
-573367220359340 1 5 2 4 3 1 4 1 5 1
209449057806728 1 3 2 5 3 1 4 1 5 1
-13227553441636 1 1 2 6 3 1 4 1 5 1
-18049657002277 1 10 3 2 4 1 5 1
151774434034554 1 8 2 1 3 2 4 1 5 1
-402301777877633 1 6 2 2 3 2 4 1 5 1
376753997314908 1 4 2 3 3 2 4 1 5 1
-91377805968839 1 2 2 4 3 2 4 1 5 1
-27043708147034 1 7 3 3 4 1 5 1
109629687838342 1 5 2 1 3 3 4 1 5 1
-98657428116276 1 3 2 2 3 3 4 1 5 1
11074634202244 1 1 2 3 3 3 4 1 5 1
-9558700645843 1 4 3 4 4 1 5 1
9104194515648 1 2 2 1 3 4 4 1 5 1
-175423505886 1 1 3 5 4 1 5 1
1739729539626 1 12 4 2 5 1
-22265897250692 1 10 2 1 4 2 5 1
98457685581830 1 8 2 2 4 2 5 1
-186429032740602 1 6 2 3 4 2 5 1
146120507294047 1 4 2 4 4 2 5 1
-35254298748968 1 2 2 5 4 2 5 1
14511601086620 1 9 3 1 4 2 5 1
-106759772694182 1 7 2 1 3 1 4 2 5 1
232790049694700 1 5 2 2 3 1 4 2 5 1
-156894944113592 1 3 2 3 3 1 4 2 5 1
16332804369370 1 1 2 4 3 1 4 2 5 1
26488009050090 1 6 3 2 4 2 5 1
-82716855010926 1 4 2 1 3 2 4 2 5 1
44425348242100 1 2 2 2 3 2 4 2 5 1
7825163930900 1 3 3 3 4 2 5 1
-2900772542320 1 1 2 1 3 3 4 2 5 1
-3849036388147 1 8 4 3 5 1
24481702442040 1 6 2 1 4 3 5 1
-42819986551620 1 4 2 2 4 3 5 1
19202798378640 1 2 2 3 4 3 5 1
-11058867538136 1 5 3 1 4 3 5 1
25018485969770 1 3 2 1 3 1 4 3 5 1
-5762132895850 1 1 2 2 3 1 4 3 5 1
-2567910494755 1 2 3 2 4 3 5 1
1660310388235 1 4 4 4 5 1
-2519895175840 1 2 2 1 4 4 5 1
273010324054 1 1 3 1 4 4 5 1
103140895134 1 15 5 2
-2023356660317 1 13 2 1 5 2
14206869879046 1 11 2 2 5 2
-47161777629960 1 9 2 3 5 2
78656206607122 1 7 2 4 5 2
-62565189599860 1 5 2 5 5 2
19308752244192 1 3 2 6 5 2
-1067876675524 1 1 2 7 5 2
1553021153489 1 12 3 1 5 2
-19228272056179 1 10 2 1 3 1 5 2
81598136297486 1 8 2 2 3 1 5 2
-145682553342731 1 6 2 3 3 1 5 2
103604024553750 1 4 2 4 3 1 5 2
-20440798713555 1 2 2 5 3 1 5 2
6221985186255 1 9 3 2 5 2
-43874602824187 1 7 2 1 3 2 5 2
89971680028763 1 5 2 2 3 2 5 2
-54768098991194 1 3 2 3 3 2 5 2
4701809427631 1 1 2 4 3 2 5 2
7198639867351 1 6 3 3 5 2
-21094322028330 1 4 2 1 3 3 5 2
10216905283978 1 2 2 2 3 3 5 2
1482571497606 1 3 3 4 5 2
-497862894114 1 1 2 1 3 4 5 2
-1382439987711 1 11 4 1 5 2
15532965621070 1 9 2 1 4 1 5 2
-57752137066253 1 7 2 2 4 1 5 2
84984330679536 1 5 2 3 4 1 5 2
-43628215391457 1 3 2 4 4 1 5 2
3721515947816 1 1 2 5 4 1 5 2
-9642830201803 1 8 3 1 4 1 5 2
57719278863726 1 6 2 1 3 1 4 1 5 2
-91407392927480 1 4 2 2 3 1 4 1 5 2
33351283190252 1 2 2 3 3 1 4 1 5 2
-12868155823528 1 5 3 2 4 1 5 2
26214846950414 1 3 2 1 3 2 4 1 5 2
-4965633490010 1 1 2 2 3 2 4 1 5 2
-1768983017545 1 2 3 3 4 1 5 2
3670802326884 1 7 4 2 5 2
-18233490363668 1 5 2 1 4 2 5 2
20991989592310 1 3 2 2 4 2 5 2
-3310958585110 1 1 2 3 4 2 5 2
7124275249280 1 4 3 1 4 2 5 2
-8739352690985 1 2 2 1 3 1 4 2 5 2
469492486099 1 1 3 2 4 2 5 2
-1197210849785 1 3 4 3 5 2
633443624016 1 1 2 1 4 3 5 2
357107952509 1 10 5 3
-3462184909075 1 8 2 1 5 3
10490884858521 1 6 2 2 5 3
-11241229463460 1 4 2 3 5 3
3138968223379 1 2 2 4 5 3
2024369849152 1 7 3 1 5 3
-9434323516958 1 5 2 1 3 1 5 3
9778657169750 1 3 2 2 3 1 5 3
-1264515480754 1 1 2 3 3 1 5 3
1819989717290 1 4 3 2 5 3
-2004998542301 1 2 2 1 3 2 5 3
71344437078 1 1 3 3 5 3
-1453148583936 1 6 4 1 5 3
5282328876970 1 4 2 1 4 1 5 3
-3315582134790 1 2 2 2 4 1 5 3
-1675259871000 1 3 3 1 4 1 5 3
723945122798 1 1 2 1 3 1 4 1 5 3
313531611499 1 2 4 2 5 3
197142184079 1 5 5 4
-472785670205 1 3 2 1 5 4
105201617485 1 1 2 2 5 4
107600932115 1 2 3 1 5 4
-21871642684 1 1 4 1 5 4
-7090922730 1 19 6 1
259141195194 1 17 2 1 6 1
-3059538519544 1 15 2 2 6 1
17654293384070 1 13 2 3 6 1
-56851442191401 1 11 2 4 6 1
106252634963020 1 9 2 5 6 1
-113342368639568 1 7 2 6 6 1
64064725285428 1 5 2 7 6 1
-16161730483590 1 3 2 8 6 1
1175564633826 1 1 2 9 6 1
-228722067564 1 16 3 1 6 1
4907686884500 1 14 2 1 3 1 6 1
-38265203672904 1 12 2 2 3 1 6 1
144916052977748 1 10 2 3 3 1 6 1
-288274078839615 1 8 2 4 3 1 6 1
296058118841186 1 6 2 5 3 1 6 1
-139876830702323 1 4 2 6 3 1 6 1
21749504033252 1 2 2 7 3 1 6 1
-1924615556284 1 13 3 2 6 1
26770149962088 1 11 2 1 3 2 6 1
-132060825590270 1 9 2 2 3 2 6 1
290648841317150 1 7 2 3 3 2 6 1
-285396111552645 1 5 2 4 3 2 6 1
103945605058052 1 3 2 5 3 2 6 1
-6518064626388 1 1 2 6 3 2 6 1
-6010633200426 1 10 3 3 6 1
50491755575770 1 8 2 1 3 3 6 1
-133635832853288 1 6 2 2 3 3 6 1
124849635728234 1 4 2 3 3 3 6 1
-30147861155300 1 2 2 4 3 3 6 1
-6743826451302 1 7 3 4 6 1
27285206717802 1 5 2 1 3 4 6 1
-24475130368332 1 3 2 2 3 4 6 1
2731054290954 1 1 2 3 3 4 6 1
-1900714254614 1 4 3 5 6 1
1802585342538 1 2 2 1 3 5 6 1
-28863481224 1 1 3 6 6 1
221631144834 1 15 4 1 6 1
-4499295332919 1 13 2 1 4 1 6 1
32639447478352 1 11 2 2 4 1 6 1
-112682851482616 1 9 2 3 4 1 6 1
198539325084050 1 7 2 4 4 1 6 1
-172689532706949 1 5 2 5 4 1 6 1
63886222856212 1 3 2 6 4 1 6 1
-6577621429428 1 1 2 7 4 1 6 1
3478349611347 1 12 3 1 4 1 6 1
-44490791447045 1 10 2 1 3 1 4 1 6 1
196552558410838 1 8 2 2 3 1 4 1 6 1
-371656045428659 1 6 2 3 3 1 4 1 6 1
290677232274285 1 4 2 4 3 1 4 1 6 1
-69884972310251 1 2 2 5 3 1 4 1 6 1
14494170077011 1 9 3 2 4 1 6 1
-106504431508381 1 7 2 1 3 2 4 1 6 1
231799846754749 1 5 2 2 3 2 4 1 6 1
-155730350983018 1 3 2 3 3 2 4 1 6 1
16084675768105 1 1 2 4 3 2 4 1 6 1
17602945575365 1 6 3 3 4 1 6 1
-54829813223864 1 4 2 1 3 3 4 1 6 1
29305356700842 1 2 2 2 3 3 4 1 6 1
3882456586794 1 3 3 4 4 1 6 1
-1429806113350 1 1 2 1 3 4 4 1 6 1
-1568038905943 1 11 4 2 6 1
18384181380410 1 9 2 1 4 2 6 1
-72333019566541 1 7 2 2 4 2 6 1
116504682302140 1 5 2 3 4 2 6 1
-71766791574765 1 3 2 4 4 2 6 1
11478462483966 1 1 2 5 4 2 6 1
-11530192515861 1 8 3 1 4 2 6 1
73233266987620 1 6 2 1 3 1 4 2 6 1
-127800269773932 1 4 2 2 3 1 4 2 6 1
57093444600820 1 2 2 3 3 1 4 2 6 1
-16523021378402 1 5 3 2 4 2 6 1
37251955919230 1 3 2 1 3 2 4 2 6 1
-8505364947570 1 1 2 2 3 2 4 2 6 1
-2540149024635 1 2 3 3 4 2 6 1
3032350788396 1 7 4 3 6 1
-16513086588446 1 5 2 1 4 3 6 1
22842918110270 1 3 2 2 4 3 6 1
-6818748312570 1 1 2 3 4 3 6 1
6609100152570 1 4 3 1 4 3 6 1
-9988847594075 1 2 2 1 3 1 4 3 6 1
536884226341 1 1 3 2 4 3 6 1
-966720364345 1 3 4 4 6 1
979997603754 1 1 2 1 4 4 6 1
-199190867538 1 14 5 1 6 1
3666931470813 1 12 2 1 5 1 6 1
-23688773023114 1 10 2 2 5 1 6 1
70449557839936 1 8 2 3 5 1 6 1
-100975557234405 1 6 2 4 5 1 6 1
63989547152863 1 4 2 5 5 1 6 1
-13036129252776 1 2 2 6 5 1 6 1
-2763770507517 1 11 3 1 5 1 6 1
31029038689703 1 9 2 1 3 1 5 1 6 1
-115225000670662 1 7 2 2 3 1 5 1 6 1
169224505561901 1 5 2 3 3 1 5 1 6 1
-86573651242995 1 3 2 4 3 1 5 1 6 1
7315663910477 1 1 2 5 3 1 5 1 6 1
-9627454443145 1 8 3 2 5 1 6 1
57533918710633 1 6 2 1 3 2 5 1 6 1
-90866323085713 1 4 2 2 3 2 5 1 6 1
32977441158098 1 2 2 3 3 2 5 1 6 1
-8541851015803 1 5 3 3 5 1 6 1
17335953538216 1 3 2 1 3 3 5 1 6 1
-3259820217512 1 1 2 2 3 3 5 1 6 1
-874874910888 1 2 3 4 5 1 6 1
2451029908082 1 10 4 1 5 1 6 1
-24818574284441 1 8 2 1 4 1 5 1 6 1
79802447536876 1 6 2 2 4 1 5 1 6 1
-94205845796902 1 4 2 3 4 1 5 1 6 1
32169351536210 1 2 2 4 4 1 5 1 6 1
14654092036291 1 7 3 1 4 1 5 1 6 1
-72639916549970 1 5 2 1 3 1 4 1 5 1 6 1
83317831924376 1 3 2 2 3 1 4 1 5 1 6 1
-13004552597750 1 1 2 3 3 1 4 1 5 1 6 1
14167641686486 1 4 3 2 4 1 5 1 6 1
-17276823262505 1 2 2 1 3 2 4 1 5 1 6 1
615964734113 1 1 3 3 4 1 5 1 6 1
-5483825632817 1 6 4 2 5 1 6 1
22023856985170 1 4 2 1 4 2 5 1 6 1
-17010729895140 1 2 2 2 4 2 5 1 6 1
-7128926720570 1 3 3 1 4 2 5 1 6 1
3728201478345 1 1 2 1 3 1 4 2 5 1 6 1
1073768452682 1 2 4 3 5 1 6 1
-929164423870 1 9 5 2 6 1
7945209018051 1 7 2 1 5 2 6 1
-19983024252107 1 5 2 2 5 2 6 1
15563324347684 1 3 2 3 5 2 6 1
-1874452742625 1 1 2 4 5 2 6 1
-4347245129143 1 6 3 1 5 2 6 1
15753896729450 1 4 2 1 3 1 5 2 6 1
-9823941524961 1 2 2 2 3 1 5 2 6 1
-2491818255599 1 3 3 2 5 2 6 1
1067020108269 1 1 2 1 3 2 5 2 6 1
3018239887402 1 5 4 1 5 2 6 1
-8039986767835 1 3 2 1 4 1 5 2 6 1
2170830542052 1 1 2 2 4 1 5 2 6 1
1857235409919 1 2 3 1 4 1 5 2 6 1
-226045040763 1 1 4 2 5 2 6 1
-488456293110 1 4 5 3 6 1
712664077945 1 2 2 1 5 3 6 1
-85729289431 1 1 3 1 5 3 6 1
96049972404 1 13 6 2
-1657764142726 1 11 2 1 6 2
9822444757795 1 9 2 2 6 2
-26026139670815 1 7 2 3 6 2
31783966785480 1 5 2 4 6 2
-15866811707124 1 3 2 5 6 2
2150702384031 1 1 2 6 6 2
1224938686258 1 10 3 1 6 2
-12392604505542 1 8 2 1 3 1 6 2
39791579819999 1 6 2 2 3 1 6 2
-46866826220095 1 4 2 3 3 1 6 2
15941441533100 1 2 2 4 3 1 6 2
3656765515181 1 7 3 2 6 2
-18091040179849 1 5 2 1 3 2 6 2
20677777392356 1 3 2 2 3 2 6 2
-3197925028990 1 1 2 3 3 2 6 2
2348579455871 1 4 3 3 6 2
-2848033799897 1 2 2 1 3 3 6 2
75829210615 1 1 3 4 6 2
-1082779252601 1 9 4 1 6 2
9834835471038 1 7 2 1 4 1 6 2
-27128087091763 1 5 2 2 4 1 6 2
25396386625050 1 3 2 3 4 1 6 2
-5796685989870 1 1 2 4 4 1 6 2
-5471243286719 1 6 3 1 4 1 6 2
21920750015012 1 4 2 1 3 1 4 1 6 2
-16858659777735 1 2 2 2 3 1 4 1 6 2
-3539193352860 1 3 3 2 4 1 6 2
1832052879492 1 1 2 1 3 2 4 1 6 2
2021708499873 1 5 4 2 6 2
-6487058678670 1 3 2 1 4 2 6 2
3362439276333 1 1 2 2 4 2 6 2
1596265550640 1 2 3 1 4 2 6 2
-233832499764 1 1 4 3 6 2
801194322443 1 8 5 1 6 2
-5979792878038 1 6 2 1 5 1 6 2
12192225227309 1 4 2 2 5 1 6 2
-6395850057980 1 2 2 3 5 1 6 2
3008064924555 1 5 3 1 5 1 6 2
-7980068456226 1 3 2 1 3 1 5 1 6 2
2128014381981 1 1 2 2 3 1 5 1 6 2
917453391144 1 2 3 2 5 1 6 2
-2021107172370 1 4 4 1 5 1 6 2
3664105758984 1 2 2 1 4 1 5 1 6 2
-442677969822 1 1 3 1 4 1 5 1 6 2
417903730290 1 3 5 2 6 2
-261750050424 1 1 2 1 5 2 6 2
-229137851082 1 7 6 3
1482579436832 1 5 2 1 6 3
-2423435285890 1 3 2 2 6 3
857659143940 1 1 2 3 6 3
-671000312334 1 4 3 1 6 3
1210628835734 1 2 2 1 3 1 6 3
-72408992668 1 1 3 2 6 3
441826536674 1 3 4 1 6 3
-542310749550 1 1 2 1 4 1 6 3
-144817985336 1 2 5 1 6 3
18228364077 1 1 6 4
7090922730 1 18 7 1
-237622416164 1 16 2 1 7 1
2583733469010 1 14 2 2 7 1
-13562845699403 1 12 2 3 7 1
38870308731137 1 10 2 4 7 1
-62436709063401 1 8 2 5 7 1
54002800723196 1 6 2 6 7 1
-22153464063864 1 4 2 7 7 1
3066044427774 1 2 2 8 7 1
207203288534 1 15 3 1 7 1
-4069720865623 1 13 2 1 3 1 7 1
28593024147948 1 11 2 2 3 1 7 1
-94946289804690 1 9 2 3 3 1 7 1
158350201796620 1 7 2 4 3 1 7 1
-125904421425833 1 5 2 5 3 1 7 1
38808928677244 1 3 2 6 3 1 7 1
-2135753351048 1 1 2 7 3 1 7 1
1562454587941 1 12 3 2 7 1
-19355277365558 1 10 2 1 3 2 7 1
82151351487260 1 8 2 2 3 2 7 1
-146640175910568 1 6 2 3 3 2 7 1
104199804097778 1 4 2 4 3 2 7 1
-20511125613570 1 2 2 5 3 2 7 1
4176492444185 1 9 3 3 7 1
-29451239900913 1 7 2 1 3 3 7 1
60365100036049 1 5 2 2 3 3 7 1
-36694413341626 1 3 2 3 3 3 7 1
3138968223379 1 1 2 4 3 3 7 1
3624155166661 1 6 3 4 7 1
-10610680782085 1 4 2 1 3 4 7 1
5127962418140 1 2 2 2 3 4 7 1
596206872930 1 3 3 5 7 1
-199598341844 1 1 2 1 3 5 7 1
-200112365804 1 14 4 1 7 1
3689939015802 1 12 2 1 4 1 7 1
-23868057412970 1 10 2 2 4 1 7 1
71072292384706 1 8 2 3 4 1 7 1
-102013345816781 1 6 2 4 4 1 7 1
64763589378976 1 4 2 5 4 1 7 1
-13227553441636 1 2 2 6 4 1 7 1
-2782637376421 1 11 3 1 4 1 7 1
31282861338822 1 9 2 1 3 1 4 1 7 1
-116328257721051 1 7 2 2 3 1 4 1 7 1
171124690049336 1 5 2 3 3 1 4 1 7 1
-87739402170569 1 3 2 4 3 1 4 1 7 1
7443031895632 1 1 2 5 3 1 4 1 7 1
-9712773433551 1 8 3 2 4 1 7 1
58133164967450 1 6 2 1 3 2 4 1 7 1
-91989060427656 1 4 2 2 3 2 4 1 7 1
33478663773772 1 2 2 3 3 2 4 1 7 1
-8639097479356 1 5 3 3 4 1 7 1
17573340287446 1 3 2 1 3 3 4 1 7 1
-3315582134790 1 1 2 2 3 3 4 1 7 1
-888216018315 1 2 3 4 4 1 7 1
1234487639360 1 10 4 2 7 1
-12519338855141 1 8 2 1 4 2 7 1
40320745886830 1 6 2 2 4 2 7 1
-47693841323824 1 4 2 3 4 2 7 1
16332804369370 1 2 2 4 4 2 7 1
7398036484088 1 7 3 1 4 2 7 1
-36739868174734 1 5 2 1 3 1 4 2 7 1
42244168552680 1 3 2 2 3 1 4 2 7 1
-6621917170220 1 1 2 3 3 1 4 2 7 1
7174539135560 1 4 3 2 4 2 7 1
-8776387755010 1 2 2 1 3 2 4 2 7 1
313531611499 1 1 3 3 4 2 7 1
-1847450643842 1 6 4 3 7 1
7436528506090 1 4 2 1 4 3 7 1
-5762132895850 1 2 2 2 4 3 7 1
-2411084680805 1 3 3 1 4 3 7 1
1266887248032 1 1 2 1 3 1 4 3 7 1
273010324054 1 2 4 4 7 1
177672088508 1 13 5 1 7 1
-2946964030822 1 11 2 1 5 1 7 1
16749281908269 1 9 2 2 5 1 7 1
-41986320729349 1 7 2 3 5 1 7 1
46914798074599 1 5 2 4 5 1 7 1
-19558309348580 1 3 2 5 5 1 7 1
1419060574237 1 1 2 6 5 1 7 1
2157447149717 1 10 3 1 5 1 7 1
-20926030664775 1 8 2 1 3 1 5 1 7 1
63404258400588 1 6 2 2 3 1 5 1 7 1
-67881469522317 1 4 2 3 3 1 5 1 7 1
18902202328759 1 2 2 4 3 1 5 1 7 1
6119080932443 1 7 3 2 5 1 7 1
-28505430432869 1 5 2 1 3 2 5 1 7 1
29498987360994 1 3 2 2 3 2 5 1 7 1
-3797577849832 1 1 2 3 3 2 5 1 7 1
3664544750571 1 4 3 3 5 1 7 1
-4026449385032 1 2 2 1 3 3 5 1 7 1
107251755545 1 1 3 4 5 1 7 1
-1873316252042 1 9 4 1 5 1 7 1
16046281538286 1 7 2 1 4 1 5 1 7 1
-40437085758865 1 5 2 2 4 1 5 1 7 1
31577008060862 1 3 2 3 4 1 5 1 7 1
-3822521473470 1 1 2 4 4 1 5 1 7 1
-8788296459349 1 6 3 1 4 1 5 1 7 1
31920925213592 1 4 2 1 3 1 4 1 5 1 7 1
-19974041972045 1 2 2 2 3 1 4 1 5 1 7 1
-5056925294495 1 3 3 2 4 1 5 1 7 1
2174380127954 1 1 2 1 3 2 4 1 5 1 7 1
3054618553001 1 5 4 2 5 1 7 1
-8161131412300 1 3 2 1 4 2 5 1 7 1
2215988780025 1 1 2 2 4 2 5 1 7 1
1889671648301 1 2 3 1 4 2 5 1 7 1
-154013371628 1 1 4 3 5 1 7 1
685002034413 1 8 5 2 7 1
-4808903116308 1 6 2 1 5 2 7 1
8891691211505 1 4 2 2 5 2 7 1
-3801609257402 1 2 2 3 5 2 7 1
2384749903117 1 5 3 1 5 2 7 1
-5708929142783 1 3 2 1 3 1 5 2 7 1
1263042002409 1 1 2 2 3 1 5 2 7 1
648453985577 1 2 3 2 5 2 7 1
-1485670480575 1 4 4 1 5 2 7 1
2176924887514 1 2 2 1 4 1 5 2 7 1
-262601520456 1 1 3 1 4 1 5 2 7 1
200193821545 1 3 5 3 7 1
-103434687666 1 1 2 1 5 3 7 1
-170581165778 1 12 6 1 7 1
2624170547221 1 10 2 1 6 1 7 1
-13462617833167 1 8 2 2 6 1 7 1
29240628735871 1 6 2 3 6 1 7 1
-26277928932395 1 4 2 4 6 1 7 1
7315663910477 1 2 2 5 6 1 7 1
-1872163716476 1 9 3 1 6 1 7 1
16016876016689 1 7 2 1 3 1 6 1 7 1
-40279175035743 1 5 2 2 3 1 6 1 7 1
31331438362018 1 3 2 3 3 1 6 1 7 1
-3748905485250 1 1 2 4 3 1 6 1 7 1
-4382613117771 1 6 3 2 6 1 7 1
15870945575706 1 4 2 1 3 2 6 1 7 1
-9868422397386 1 2 2 2 3 2 6 1 7 1
-1672034979291 1 3 3 3 6 1 7 1
712664077945 1 1 2 1 3 3 6 1 7 1
1616454550922 1 8 4 1 6 1 7 1
-12089016379713 1 6 2 1 4 1 6 1 7 1
24707118522692 1 4 2 2 4 1 6 1 7 1
-13004552597750 1 2 2 3 4 1 6 1 7 1
6088565345977 1 5 3 1 4 1 6 1 7 1
-16199123437975 1 3 2 1 3 1 4 1 6 1 7 1
4341661084104 1 1 2 2 3 1 4 1 6 1 7 1
1866576617499 1 2 3 2 4 1 6 1 7 1
-2048628671300 1 4 4 2 6 1 7 1
3728201478345 1 2 2 1 4 2 6 1 7 1
-452090081526 1 1 3 1 4 2 6 1 7 1
-1142673567732 1 7 5 1 6 1 7 1
6731082357470 1 5 2 1 5 1 6 1 7 1
-9157558948231 1 3 2 2 5 1 6 1 7 1
1694858244179 1 1 2 3 5 1 6 1 7 1
-2955483967627 1 4 3 1 5 1 6 1 7 1
4296748838391 1 2 2 1 3 1 5 1 6 1 7 1
-257548443318 1 1 3 2 5 1 6 1 7 1
1698383254914 1 3 4 1 5 1 6 1 7 1
-1070995439664 1 1 2 1 4 1 5 1 6 1 7 1
-257909018343 1 2 5 2 6 1 7 1
471860865549 1 6 6 2 7 1
-2284000856432 1 4 2 1 6 2 7 1
2128014381981 1 2 2 2 6 2 7 1
843310324344 1 3 3 1 6 2 7 1
-523500100848 1 1 2 1 3 1 6 2 7 1
-442677969822 1 2 4 1 6 2 7 1
71904529028 1 1 5 1 6 2 7 1
74531193374 1 11 7 2
-1009701231763 1 9 2 1 7 2
4388427717281 1 7 2 2 7 2
-7486325517083 1 5 2 3 7 2
4465275327156 1 3 2 4 7 2
-443463222213 1 1 2 5 7 2
690519857486 1 8 3 1 7 2
-4848949057456 1 6 2 1 3 1 7 2
8959088962873 1 4 2 2 3 1 7 2
-3817972371307 1 2 2 3 3 1 7 2
1202270506990 1 5 3 2 7 2
-2873300138549 1 3 2 1 3 2 7 2
632232565510 1 1 2 2 3 2 7 2
217192971010 1 2 3 3 7 2
-576970125589 1 7 4 1 7 2
3406953925956 1 5 2 1 4 1 7 2
-4649893151380 1 3 2 2 4 1 7 2
866089218659 1 1 2 3 4 1 7 2
-1498263339030 1 4 3 1 4 1 7 2
2187398955839 1 2 2 1 3 1 4 1 7 2
-131463681579 1 1 3 2 4 1 7 2
431438546799 1 3 4 2 7 2
-274000567863 1 1 2 1 4 2 7 2
384774072557 1 6 5 1 7 2
-1680818834831 1 4 2 1 5 1 7 2
1265087723609 1 2 2 2 5 1 7 2
605116660962 1 3 3 1 5 1 7 2
-310422728163 1 1 2 1 3 1 5 1 7 2
-263069171406 1 2 4 1 5 1 7 2
21280001543 1 1 5 2 7 2
-299603005120 1 5 6 1 7 2
977888228739 1 3 2 1 6 1 7 2
-319298838309 1 1 2 2 6 1 7 2
-259412800548 1 2 3 1 6 1 7 2
73764889456 1 1 4 1 6 1 7 2
56879990653 1 4 7 3
-103553352831 1 2 2 1 7 3
14189332230 1 1 3 1 7 3
-7090922730 1 17 8 1
230531493434 1 15 2 1 8 1
-2374532784967 1 13 2 2 8 1
11604020975664 1 11 2 3 8 1
-30325880259119 1 9 2 4 8 1
43151513147772 1 7 2 5 8 1
-31609771823364 1 5 2 6 8 1
10152403370616 1 3 2 7 8 1
-930291076726 1 1 2 8 8 1
-200112365804 1 14 3 1 8 1
3688829547897 1 12 2 1 3 1 8 1
-23844811759630 1 10 2 2 3 1 8 1
70926409728566 1 8 2 3 3 1 8 1
-101635309352781 1 6 2 4 3 1 8 1
64355835755431 1 4 2 5 3 1 8 1
-13086899641606 1 2 2 6 3 1 8 1
-1390763954258 1 11 3 2 8 1
15621349518451 1 9 2 1 3 2 8 1
-58007382967033 1 7 2 2 3 2 8 1
85138827820743 1 5 2 3 3 2 8 1
-43480415851722 1 3 2 4 3 2 8 1
3651189047801 1 1 2 5 3 2 8 1
-3231952261657 1 8 3 3 8 1
19307812915275 1 6 2 1 3 3 8 1
-30456383552327 1 4 2 2 3 3 8 1
11016606363974 1 2 2 3 3 3 8 1
-2149245097144 1 5 3 4 8 1
4352832492934 1 3 2 1 3 4 8 1
-814388574130 1 1 2 2 3 4 8 1
-175423505886 1 2 3 5 8 1
193021443074 1 13 4 1 8 1
-3337426362536 1 11 2 1 4 1 8 1
19801116221745 1 9 2 2 4 1 8 1
-52532304559419 1 7 2 3 4 1 8 1
64242746337575 1 5 2 4 4 1 8 1
-32125720177298 1 3 2 5 4 1 8 1
4365460971767 1 1 2 6 4 1 8 1
2467634773515 1 10 3 1 4 1 8 1
-24999057327922 1 8 2 1 3 1 4 1 8 1
80378192700950 1 6 2 2 3 1 4 1 8 1
-94816005228453 1 4 2 3 3 1 4 1 8 1
32315882953465 1 2 2 4 3 1 4 1 8 1
7381933372188 1 7 3 2 4 1 8 1
-36573694863279 1 5 2 1 3 2 4 1 8 1
41875074678430 1 3 2 2 3 2 4 1 8 1
-6490505179130 1 1 2 3 3 2 4 1 8 1
4752288284515 1 4 3 3 4 1 8 1
-5773994295325 1 2 2 1 3 3 4 1 8 1
153901039772 1 1 3 4 4 1 8 1
-1091175670137 1 9 4 2 8 1
9926779176008 1 7 2 1 4 2 8 1
-27426023553639 1 5 2 2 4 2 8 1
25725561732190 1 3 2 3 4 2 8 1
-5888365725680 1 1 2 4 4 2 8 1
-5527293393606 1 6 3 1 4 2 8 1
22184919415220 1 4 2 1 3 1 4 2 8 1
-17100820547495 1 2 2 2 3 1 4 2 8 1
-3585908293370 1 3 3 2 4 2 8 1
1860751048463 1 1 2 1 3 2 4 2 8 1
1363007432195 1 5 4 3 8 1
-4383352154540 1 3 2 1 4 3 8 1
2279256867793 1 1 2 2 4 3 8 1
1080339592311 1 2 3 1 4 3 8 1
-118996952426 1 1 4 4 8 1
-170581165778 1 12 5 1 8 1
2623982577582 1 10 2 1 5 1 8 1
-13459444504008 1 8 2 2 5 1 8 1
29225568087632 1 6 2 3 5 1 8 1
-26252120771913 1 4 2 4 5 1 8 1
7302378095602 1 2 2 5 5 1 8 1
-1871975746837 1 9 3 1 5 1 8 1
16011608219141 1 7 2 1 3 1 5 1 8 1
-40249972327065 1 5 2 2 3 1 5 1 8 1
31285618935202 1 3 2 3 3 1 5 1 8 1
-3735619670375 1 1 2 4 3 1 5 1 8 1
-4380518649382 1 6 3 2 5 1 8 1
15854253253256 1 4 2 1 3 2 5 1 8 1
-9846145210060 1 2 2 2 3 2 5 1 8 1
-1669484717280 1 3 3 3 5 1 8 1
710398156953 1 1 2 1 3 3 5 1 8 1
1616223513622 1 8 4 1 5 1 8 1
-12083949268274 1 6 2 1 4 1 5 1 8 1
24684735900445 1 4 2 2 4 1 5 1 8 1
-12981010358260 1 2 2 3 4 1 5 1 8 1
6084771357977 1 5 3 1 4 1 5 1 8 1
-16176292995240 1 3 2 1 3 1 4 1 5 1 8 1
4325559067165 1 1 2 2 3 1 4 1 5 1 8 1
1862274684941 1 2 3 2 4 1 5 1 8 1
-2046972219350 1 4 4 2 5 1 8 1
3721502096926 1 2 2 1 4 2 5 1 8 1
-450338410979 1 1 3 1 4 2 5 1 8 1
-571221265216 1 7 5 2 8 1
3363425903672 1 5 2 1 5 2 8 1
-4571932354140 1 3 2 2 5 2 8 1
843709010814 1 1 2 3 5 2 8 1
-1476263270470 1 4 3 1 5 2 8 1
2142984155399 1 2 2 1 3 1 5 2 8 1
-128304021803 1 1 3 2 5 2 8 1
848002826457 1 3 4 1 5 2 8 1
-533023864396 1 1 2 1 4 1 5 2 8 1
-85729289431 1 2 5 3 8 1
163490243048 1 11 6 1 8 1
-2329559764837 1 9 2 1 6 1 8 1
10740219014883 1 7 2 2 6 1 8 1
-20054152066137 1 5 2 3 6 1 8 1
14333814542230 1 3 2 4 6 1 8 1
-2679831980801 1 1 2 5 6 1 8 1
1615062984452 1 8 3 1 6 1 8 1
-12058832038533 1 6 2 1 3 1 6 1 8 1
24574839604907 1 4 2 2 3 1 6 1 8 1
-12866738994810 1 2 2 3 3 1 6 1 8 1
3032990716211 1 5 3 2 6 1 8 1
-8032207922655 1 3 2 1 3 2 6 1 8 1
2124303948427 1 1 2 2 3 2 6 1 8 1
613739801858 1 2 3 3 6 1 8 1
-1387732483358 1 7 4 1 6 1 8 1
8997891509742 1 5 2 1 4 1 6 1 8 1
-14743573923085 1 3 2 2 4 1 6 1 8 1
5235854832149 1 1 2 3 4 1 6 1 8 1
-4077748940170 1 4 3 1 4 1 6 1 8 1
7377924961325 1 2 2 1 3 1 4 1 6 1 8 1
-441920647971 1 1 3 2 4 1 6 1 8 1
1344751151713 1 3 4 2 6 1 8 1
-1657114821429 1 1 2 1 4 2 6 1 8 1
943482700194 1 6 5 1 6 1 8 1
-4564591053375 1 4 2 1 5 1 6 1 8 1
4248607896854 1 2 2 2 5 1 6 1 8 1
1684475119034 1 3 3 1 5 1 6 1 8 1
-1042810854069 1 1 2 1 3 1 5 1 6 1 8 1
-883841295942 1 2 4 1 5 1 6 1 8 1
71539957201 1 1 5 2 6 1 8 1
-386450767208 1 5 6 2 8 1
1520426761887 1 3 2 1 6 2 8 1
-965916604515 1 1 2 2 6 2 8 1
-438228105312 1 2 3 1 6 2 8 1
223243661882 1 1 4 1 6 2 8 1
-141971464018 1 10 7 1 8 1
1753401382902 1 8 2 1 7 1 8 1
-6668639201959 1 6 2 2 7 1 8 1
9252406207254 1 4 2 3 7 1 8 1
-3735619670375 1 2 2 4 7 1 8 1
-1152548684708 1 7 3 1 7 1 8 1
6788455473807 1 5 2 1 3 1 7 1 8 1
-9217347028780 1 3 2 2 3 1 7 1 8 1
1687418021628 1 1 2 3 3 1 7 1 8 1
-1489337363790 1 4 3 2 7 1 8 1
2154773839939 1 2 2 1 3 2 7 1 8 1
-85729289431 1 1 3 3 7 1 8 1
953827885374 1 6 4 1 7 1 8 1
-4628304404590 1 4 2 1 4 1 7 1 8 1
4325559067165 1 2 2 2 4 1 7 1 8 1
1711467860591 1 3 3 1 4 1 7 1 8 1
-1066047728792 1 1 2 1 3 1 4 1 7 1 8 1
-450338410979 1 2 4 2 7 1 8 1
-598966979336 1 5 5 1 7 1 8 1
1953138009304 1 3 2 1 5 1 7 1 8 1
-635366157137 1 1 2 2 5 1 7 1 8 1
-517452282757 1 2 3 1 5 1 7 1 8 1
146744278864 1 1 4 1 5 1 7 1 8 1
456995515318 1 4 6 1 7 1 8 1
-1042810854069 1 2 2 1 6 1 7 1 8 1
143079914402 1 1 3 1 6 1 7 1 8 1
-113839575378 1 3 7 2 8 1
89364020601 1 1 2 1 7 2 8 1
67440270644 1 9 8 2
-757889483369 1 7 2 1 8 2
2507188392968 1 5 2 2 8 2
-2801266506085 1 3 2 3 8 2
768666127388 1 1 2 4 8 2
476218159452 1 6 3 1 8 2
-2304096212330 1 4 2 1 3 1 8 2
2140794541005 1 2 2 2 3 1 8 2
424679744489 1 3 3 2 8 2
-260288042153 1 1 2 1 3 2 8 2
-391047092015 1 5 4 1 8 2
1543372277923 1 3 2 1 4 1 8 2
-984852299562 1 1 2 2 4 1 8 2
-445862300249 1 2 3 1 4 1 8 2
113944755179 1 1 4 2 8 2
228382239009 1 4 5 1 8 2
-520576084306 1 2 2 1 5 1 8 2
71228511027 1 1 3 1 5 1 8 2
-171581842428 1 3 6 1 8 2
270619532077 1 1 2 1 6 1 8 2
71228511027 1 2 7 1 8 2
-14268926302 1 1 8 3
7090922730 1 16 9 1
-209200684043 1 14 2 1 9 1
1958824723739 1 12 2 2 9 1
-8544428472018 1 10 2 3 9 1
19285195915629 1 8 2 4 9 1
-22393028899832 1 6 2 5 9 1
12001060693248 1 4 2 6 9 1
-2135753351048 1 2 2 7 9 1
178781556413 1 13 3 1 9 1
-2970209684162 1 11 2 1 3 1 9 1
16895164564409 1 9 2 2 3 1 9 1
-42364357193349 1 7 2 3 3 1 9 1
47322551698144 1 5 2 4 3 1 9 1
-19698963148610 1 3 2 5 3 1 9 1
1419060574237 1 1 2 6 3 1 9 1
1087852151751 1 10 3 2 9 1
-10558171764700 1 8 2 1 3 2 9 1
31990573454484 1 6 2 2 3 2 9 1
-34218580675781 1 4 2 3 3 2 9 1
9498583473497 1 2 2 4 3 2 9 1
2058829199481 1 7 3 3 9 1
-9587082271843 1 5 2 1 3 3 9 1
9903656449558 1 3 2 2 3 3 9 1
-1268546888324 1 1 2 3 3 3 9 1
923955774534 1 4 3 4 9 1
-1012178088658 1 2 2 1 3 4 9 1
21522466114 1 1 3 5 9 1
-171690633683 1 12 4 1 9 1
2647228230922 1 10 2 1 4 1 9 1
-13605327160148 1 8 2 2 4 1 9 1
29603604551632 1 6 2 3 4 1 9 1
-26659874395458 1 4 2 4 4 1 9 1
7443031895632 1 2 2 5 4 1 9 1
-1890232900622 1 9 3 1 4 1 9 1
16201690046466 1 7 2 1 3 1 4 1 9 1
-40823888192395 1 5 2 2 3 1 4 1 9 1
31831769227902 1 3 2 3 3 1 4 1 9 1
-3822521473470 1 1 2 4 3 1 4 1 9 1
-4437694278082 1 6 3 2 4 1 9 1
16105440540916 1 4 2 1 3 2 4 1 9 1
-10042774992025 1 2 2 2 3 2 4 1 9 1
-1699106612895 1 3 3 3 4 1 9 1
726489882358 1 1 2 1 3 3 4 1 9 1
816685599751 1 8 4 2 9 1
-6121165209752 1 6 2 1 4 2 9 1
12540539935260 1 4 2 2 4 2 9 1
-6621917170220 1 2 2 3 4 2 9 1
3086759953371 1 5 3 1 4 2 9 1
-8235201540350 1 3 2 1 3 1 4 2 9 1
2215988780025 1 1 2 2 3 1 4 2 9 1
950686676103 1 2 3 2 4 2 9 1
-693590023890 1 4 4 3 9 1
1266887248032 1 2 2 1 4 3 9 1
-154013371628 1 1 3 1 4 3 9 1
149250356387 1 11 5 1 9 1
-2022575792685 1 9 2 1 5 1 9 1
8791916082801 1 7 2 2 5 1 9 1
-14998459194648 1 5 2 3 5 1 9 1
8943836469187 1 3 2 4 5 1 9 1
-886926444426 1 1 2 5 5 1 9 1
1383365220661 1 8 3 1 5 1 9 1
-9715012818401 1 6 2 1 3 1 5 1 9 1
17947730728625 1 4 2 2 3 1 5 1 9 1
-7644007557754 1 2 2 3 3 1 5 1 9 1
2408790795602 1 5 3 2 5 1 9 1
-5755056005838 1 3 2 1 3 2 5 1 9 1
1265087723609 1 1 2 2 3 2 5 1 9 1
434888325293 1 2 3 3 5 1 9 1
-1156034719567 1 7 4 1 5 1 9 1
6826748937614 1 5 2 1 4 1 5 1 9 1
-9315265727110 1 3 2 2 4 1 5 1 9 1
1732178437318 1 1 2 3 4 1 5 1 9 1
-3001982679295 1 4 3 1 4 1 5 1 9 1
4379887430798 1 2 2 1 3 1 4 1 5 1 9 1
-263069171406 1 1 3 2 4 1 5 1 9 1
864486955897 1 3 4 2 5 1 9 1
-548001135726 1 1 2 1 4 2 5 1 9 1
385522541547 1 6 5 2 9 1
-1683950028910 1 4 2 1 5 2 9 1
1266510852220 1 2 2 2 5 2 9 1
606118521665 1 3 3 1 5 2 9 1
-310541393328 1 1 2 1 3 1 5 2 9 1
-263395014108 1 2 4 1 5 2 9 1
14189332230 1 1 5 3 9 1
-142159433657 1 10 6 1 9 1
1756574712061 1 8 2 1 6 1 9 1
-6683699850198 1 6 2 2 6 1 9 1
9278214367736 1 4 2 3 6 1 9 1
-3748905485250 1 2 2 4 6 1 9 1
-1154874190397 1 7 3 1 6 1 9 1
6805527109635 1 5 2 1 3 1 6 1 9 1
-9246520693081 1 3 2 2 3 1 6 1 9 1
1694858244179 1 1 2 3 3 1 6 1 9 1
-1493544077751 1 4 3 2 6 1 9 1
2162708621853 1 2 2 1 3 2 6 1 9 1
-86089864456 1 1 3 3 6 1 9 1
955965421424 1 6 4 1 6 1 9 1
-4641524628870 1 4 2 1 4 1 6 1 9 1
4341661084104 1 2 2 2 4 1 6 1 9 1
1717065670074 1 3 3 1 4 1 6 1 9 1
-1070995439664 1 1 2 1 3 1 4 1 6 1 9 1
-452090081526 1 2 4 2 6 1 9 1
-600506984977 1 5 5 1 6 1 9 1
1959728474775 1 3 2 1 5 1 6 1 9 1
-638597676618 1 1 2 2 5 1 6 1 9 1
-519546751146 1 2 3 1 5 1 6 1 9 1
147529778912 1 1 4 1 5 1 6 1 9 1
229173775660 1 4 6 2 9 1
-523500100848 1 2 2 1 6 2 9 1
71904529028 1 1 3 1 6 2 9 1
120640654627 1 9 7 1 9 1
-1266464810647 1 7 2 1 7 1 9 1
3814466296795 1 5 2 2 7 1 9 1
-3550148041352 1 3 2 3 7 1 9 1
510869393971 1 1 2 4 7 1 9 1
778408371174 1 6 3 1 7 1 9 1
-3398603999797 1 4 2 1 3 1 7 1 9 1
2546474620893 1 2 2 2 3 1 7 1 9 1
610997920697 1 3 3 2 7 1 9 1
-310962158548 1 1 2 1 3 2 7 1 9 1
-608109303961 1 5 4 1 7 1 9 1
1992311064204 1 3 2 1 4 1 7 1 9 1
-654440582112 1 1 2 2 4 1 7 1 9 1
-529919066827 1 2 3 1 4 1 7 1 9 1
75704621757 1 1 4 2 7 1 9 1
342039744640 1 4 5 1 7 1 9 1
-622161647426 1 2 2 1 5 1 7 1 9 1
85171067437 1 1 3 1 5 1 7 1 9 1
-228490012743 1 3 6 1 7 1 9 1
179763834311 1 1 2 1 6 1 7 1 9 1
42611064351 1 2 7 2 9 1
-113549731897 1 8 8 1 9 1
1057264126604 1 6 2 1 8 1 9 1
-2628756115240 1 4 2 2 8 1 9 1
1687418021628 1 2 2 3 8 1 9 1
-606717737491 1 5 3 1 8 1 9 1
1976717378384 1 3 2 1 3 1 8 1 9 1
-635366157137 1 1 2 2 3 1 8 1 9 1
-260844239151 1 2 3 2 8 1 9 1
464797334738 1 4 4 1 8 1 9 1
-1066047728792 1 2 2 1 4 1 8 1 9 1
146744278864 1 1 3 1 4 1 8 1 9 1
-228258975443 1 3 5 1 8 1 9 1
178728041202 1 1 2 1 5 1 8 1 9 1
143079914402 1 2 6 1 8 1 9 1
-28421732121 1 1 7 1 8 1 9 1
46109461253 1 7 9 2
-342181422141 1 5 2 1 9 2
577360520555 1 3 2 2 9 2
-131291857258 1 1 2 3 9 2
173306356945 1 4 3 1 9 2
-313587230543 1 2 2 1 3 1 9 2
21337760868 1 1 3 2 9 2
-116557021629 1 3 4 1 9 2
92413004331 1 1 2 1 4 1 9 2
42683515340 1 2 5 1 9 2
-14304850880 1 1 6 1 9 2
-7090922730 1 15 10 1
202109761313 1 13 2 1 10 1
-1778002704156 1 11 2 2 10 1
7124715511715 1 9 2 3 10 1
-14350535250490 1 7 2 4 10 1
14226033972258 1 5 2 5 10 1
-6023065887028 1 3 2 6 10 1
716692776811 1 1 2 7 10 1
-171690633683 1 12 3 1 10 1
2646075695356 1 10 2 1 3 1 10 1
-13585796755527 1 8 2 2 3 1 10 1
29510774635341 1 6 2 3 3 1 10 1
-26500807570275 1 4 2 4 3 1 10 1
7361353092272 1 2 2 5 3 1 10 1
-944540182528 1 9 3 2 10 1
8084597786157 1 7 2 1 3 2 10 1
-20321634211879 1 5 2 2 3 2 10 1
15774150528094 1 3 2 3 3 2 10 1
-1870421335055 1 1 2 4 3 2 10 1
-1474910069517 1 6 3 3 10 1
5333892514617 1 4 2 1 3 3 10 1
-3301395755352 1 2 2 2 3 3 10 1
-420783367044 1 3 3 4 10 1
178075875730 1 1 2 1 3 4 10 1
164599710953 1 11 4 1 10 1
-2351464912972 1 9 2 1 4 1 10 1
10863628974543 1 7 2 2 4 1 10 1
-20327270608657 1 5 2 3 4 1 10 1
14566234716655 1 3 2 4 4 1 10 1
-2733583977736 1 1 2 5 4 1 10 1
1631979633032 1 8 3 1 4 1 10 1
-12211382631458 1 6 2 1 3 1 4 1 10 1
24943562087922 1 4 2 2 3 1 4 1 10 1
-13098953894695 1 2 2 3 3 1 4 1 10 1
3075107806991 1 5 3 2 4 1 10 1
-8164596342750 1 3 2 1 3 2 4 1 10 1
2166240061292 1 1 2 2 3 2 4 1 10 1
624838290743 1 2 3 3 4 1 10 1
-701744301384 1 7 4 2 10 1
4561756251551 1 5 2 1 4 2 10 1
-7496852150070 1 3 2 2 4 2 10 1
2673749952877 1 1 2 3 4 2 10 1
-2070668879345 1 4 3 1 4 2 10 1
3759442727600 1 2 2 1 3 1 4 2 10 1
-225577389813 1 1 3 2 4 2 10 1
456166290991 1 3 4 3 10 1
-564872740678 1 1 2 1 4 3 10 1
-142159433657 1 10 5 1 10 1
1756343674761 1 8 2 1 5 1 10 1
-6680727207148 1 6 2 2 5 1 10 1
9268672831191 1 4 2 3 5 1 10 1
-3740842670110 1 2 2 4 5 1 10 1
-1154643153097 1 7 3 1 5 1 10 1
6800898014635 1 5 2 1 3 1 5 1 10 1
-9231168487366 1 3 2 2 3 1 5 1 10 1
1686795429039 1 1 2 3 3 1 5 1 10 1
-1491887625801 1 4 3 2 5 1 10 1
2156537377658 1 2 2 1 3 2 5 1 10 1
-85729289431 1 1 3 3 5 1 10 1
955683322859 1 6 4 1 5 1 10 1
-4637379353590 1 4 2 1 4 1 5 1 10 1
4332480122584 1 2 2 2 4 1 5 1 10 1
1714422854959 1 3 3 1 4 1 5 1 10 1
-1065668590214 1 1 2 1 3 1 4 1 5 1 10 1
-451154779626 1 2 4 2 5 1 10 1
-300112443206 1 5 5 2 10 1
978284781330 1 3 2 1 5 2 10 1
-317371782274 1 1 2 2 5 2 10 1
-258945149598 1 2 3 1 5 2 10 1
73297238506 1 1 4 1 5 2 10 1
135068510927 1 9 6 1 10 1
-1518721258597 1 7 2 1 6 1 10 1
5026507858786 1 5 2 2 6 1 10 1
-5619178774685 1 3 2 3 6 1 10 1
1543177847100 1 1 2 4 6 1 10 1
954530787293 1 6 3 1 6 1 10 1
-4620678033149 1 4 2 1 3 1 6 1 10 1
4295931487422 1 2 2 2 3 1 6 1 10 1
851909750989 1 3 3 2 6 1 10 1
-522481430273 1 1 2 1 3 2 6 1 10 1
-783992689176 1 5 4 1 6 1 10 1
3096249704689 1 3 2 1 4 1 6 1 10 1
-1977627385710 1 1 2 2 4 1 6 1 10 1
-894872464379 1 2 3 1 4 1 6 1 10 1
228855680857 1 1 4 2 6 1 10 1
458065452755 1 4 5 1 6 1 10 1
-1044962860546 1 2 2 1 5 1 6 1 10 1
143036846741 1 1 3 1 5 1 6 1 10 1
-172142341779 1 3 6 2 10 1
271831737509 1 1 2 1 6 2 10 1
-113549731897 1 8 7 1 10 1
1057221058943 1 6 2 1 7 1 10 1
-2628376976662 1 4 2 2 7 1 10 1
1686795429039 1 2 2 3 7 1 10 1
-606674669830 1 5 3 1 7 1 10 1
1976196431558 1 3 2 1 3 1 7 1 10 1
-634743564548 1 1 2 2 3 1 7 1 10 1
-260702430903 1 2 3 2 7 1 10 1
464746273473 1 4 4 1 7 1 10 1
-1065668590214 1 2 2 1 4 1 7 1 10 1
146594477012 1 1 3 1 4 1 7 1 10 1
-228207914178 1 3 5 1 7 1 10 1
178498704476 1 1 2 1 5 1 7 1 10 1
143036846741 1 2 6 1 7 1 10 1
-14189332230 1 1 7 2 10 1
106458809167 1 7 8 1 10 1
-876442107021 1 5 2 1 8 1 10 1
1783306318612 1 3 2 2 8 1 10 1
-789468149975 1 1 2 3 8 1 10 1
463405768268 1 4 3 1 8 1 10 1
-1055825022844 1 2 2 1 3 1 8 1 10 1
71424438551 1 1 3 2 8 1 10 1
-349856036371 1 3 4 1 8 1 10 1
555749400064 1 1 2 1 4 1 8 1 10 1
142848877102 1 2 5 1 8 1 10 1
-86048480521 1 1 6 1 8 1 10 1
-85127999776 1 6 9 1 10 1
531962556820 1 4 2 1 9 1 10 1
-634743564548 1 2 2 2 9 1 10 1
-231722476788 1 3 3 1 9 1 10 1
178498704476 1 1 2 1 3 1 9 1 10 1
146594477012 1 2 4 1 9 1 10 1
-28378664460 1 1 5 1 9 1 10 1
39018538523 1 5 10 2
-204085985559 1 3 2 1 10 2
171133809192 1 1 2 2 10 2
72720970723 1 2 3 1 10 2
-44342306263 1 1 4 1 10 2
7090922730 1 14 11 1
-180822019583 1 12 2 1 11 1
1419712960303 1 10 2 2 11 1
-4934660665139 1 8 2 3 11 1
8166994927574 1 6 2 4 11 1
-5977994806220 1 4 2 5 11 1
1419060574237 1 2 2 6 11 1
150402891953 1 11 3 1 11 1
-2042106197306 1 9 2 1 3 1 11 1
8884745999092 1 7 2 2 3 1 11 1
-15157526019831 1 5 2 3 3 1 11 1
9025515272547 1 3 2 4 3 1 11 1
-886926444426 1 1 2 5 3 1 11 1
698860428331 1 8 3 2 11 1
-4910393194631 1 6 2 1 3 2 11 1
9064983120388 1 4 2 2 3 2 11 1
-3846429707922 1 2 2 3 3 2 11 1
811701387850 1 5 3 3 11 1
-1935643036476 1 3 2 1 3 3 11 1
422852191140 1 1 2 2 3 3 11 1
109476687800 1 2 3 4 11 1
-143311969223 1 10 4 1 11 1
1775874079382 1 8 2 1 4 1 11 1
-6773557123439 1 6 2 2 4 1 11 1
9427739656374 1 4 2 3 4 1 11 1
-3822521473470 1 2 2 4 4 1 11 1
-1168998789098 1 7 3 1 4 1 11 1
6906432554592 1 5 2 1 3 1 4 1 11 1
-9411294314765 1 3 2 2 3 1 4 1 11 1
1732178437318 1 1 2 3 3 1 4 1 11 1
-1517961962845 1 4 3 2 4 1 11 1
2205507302844 1 2 2 1 3 2 4 1 11 1
-87954221686 1 1 3 3 4 1 11 1
484443211647 1 6 4 2 11 1
-2359586327660 1 4 2 1 4 2 11 1
2215988780025 1 2 2 2 4 2 11 1
874578797503 1 3 3 1 4 2 11 1
-548001135726 1 1 2 1 3 1 4 2 11 1
-154013371628 1 2 4 3 11 1
120871691927 1 9 5 1 11 1
-1269437453697 1 7 2 1 5 1 11 1
3824007833340 1 5 2 2 5 1 11 1
-3558210856492 1 3 2 3 5 1 11 1
510869393971 1 1 2 4 5 1 11 1
780346921689 1 6 3 1 5 1 11 1
-3406903492297 1 4 2 1 3 1 5 1 11 1
2550566063293 1 2 2 2 3 1 5 1 11 1
612344858887 1 3 3 2 5 1 11 1
-311199488878 1 1 2 1 3 2 5 1 11 1
-609765755911 1 5 4 1 5 1 11 1
1997400583324 1 3 2 1 4 1 5 1 11 1
-654440582112 1 1 2 2 4 1 5 1 11 1
-530854368727 1 2 3 1 4 1 5 1 11 1
75704621757 1 1 4 2 5 1 11 1
171495965995 1 4 5 2 11 1
-311620254098 1 2 2 1 5 2 11 1
42611064351 1 1 3 1 5 2 11 1
-113780769197 1 8 6 1 11 1
1060193701993 1 6 2 1 6 1 11 1
-2637918513207 1 4 2 2 6 1 11 1
1694858244179 1 2 2 3 6 1 11 1
-608613220345 1 5 3 1 6 1 11 1
1984444862793 1 3 2 1 3 1 6 1 11 1
-638597676618 1 1 2 2 3 1 6 1 11 1
-261998307828 1 2 3 2 6 1 11 1
466453786688 1 4 4 1 6 1 11 1
-1070995439664 1 2 2 1 4 1 6 1 11 1
147529778912 1 1 3 1 4 1 6 1 11 1
-229211162793 1 3 5 1 6 1 11 1
179763834311 1 1 2 1 5 1 6 1 11 1
71904529028 1 2 6 2 11 1
92261990167 1 7 7 1 11 1
-684741982860 1 5 2 1 7 1 11 1
1155343633699 1 3 2 2 7 1 11 1
-262583714516 1 1 2 3 7 1 11 1
346805583403 1 4 3 1 7 1 11 1
-627411791416 1 2 2 1 3 1 7 1 11 1
42683515340 1 1 3 2 7 1 11 1
-233255851506 1 3 4 1 7 1 11 1
184826008662 1 1 2 1 4 1 7 1 11 1
85402104737 1 2 5 1 7 1 11 1
-28609701760 1 1 6 1 7 1 11 1
-85171067437 1 6 8 1 11 1
532341695398 1 4 2 1 8 1 11 1
-635366157137 1 2 2 2 8 1 11 1
-231915346301 1 3 3 1 8 1 11 1
178728041202 1 1 2 1 3 1 8 1 11 1
146744278864 1 2 4 1 8 1 11 1
-28421732121 1 1 5 1 8 1 11 1
63840258046 1 5 9 1 11 1
-273910625718 1 3 2 1 9 1 11 1
113977241688 1 1 2 2 9 1 11 1
86280535342 1 2 3 1 9 1 11 1
-29531200026 1 1 4 1 9 1 11 1
-56749335316 1 4 10 1 11 1
178498704476 1 2 2 1 10 1 11 1
-28378664460 1 1 3 1 10 1 11 1
17730796793 1 3 11 2
-18755025180 1 1 2 1 11 2
-7090922730 1 13 12 1
173731096853 1 11 2 1 12 1
-1267261611576 1 9 2 2 12 1
3968836558916 1 7 2 3 12 1
-5664218108038 1 5 2 4 12 1
3312094783791 1 3 2 5 12 1
-532134129811 1 1 2 6 12 1
-143311969223 1 10 3 1 12 1
1774713550212 1 8 2 1 3 1 12 1
-6758546047974 1 6 2 2 3 1 12 1
9379447027299 1 4 2 3 3 1 12 1
-3781732430520 1 2 2 4 3 1 12 1
-583919129964 1 7 3 2 12 1
3441488369376 1 5 2 1 3 2 12 1
-4666617657730 1 3 2 2 3 2 12 1
845694697184 1 1 2 3 3 2 12 1
-503172407490 1 4 3 3 12 1
724625525128 1 2 2 1 3 3 12 1
-21522466114 1 1 3 4 12 1
136221046493 1 9 4 1 12 1
-1536860096748 1 7 2 1 4 1 12 1
5101593087466 1 5 2 2 4 1 12 1
-5722521119000 1 3 2 3 4 1 12 1
1579473642181 1 1 2 4 4 1 12 1
967494856824 1 6 3 1 4 1 12 1
-4698366693170 1 4 2 1 3 1 4 1 12 1
4385549288205 1 2 2 2 3 1 4 1 12 1
867882895708 1 3 3 2 4 1 12 1
-534442877456 1 1 2 1 3 2 4 1 12 1
-397880577740 1 5 4 2 12 1
1577741776153 1 3 2 1 4 2 12 1
-1013547062187 1 1 2 2 4 2 12 1
-457324088969 1 2 3 1 4 2 12 1
78308749871 1 1 4 3 12 1
-113780769197 1 8 5 1 12 1
1059954671089 1 6 2 1 5 1 12 1
-2635808828455 1 4 2 2 5 1 12 1
1691389394368 1 2 2 3 5 1 12 1
-608374189441 1 5 3 1 5 1 12 1
1981541684389 1 3 2 1 3 1 5 1 12 1
-635128826807 1 1 2 2 3 1 5 1 12 1
-261204814176 1 2 3 2 5 1 12 1
466171688123 1 4 4 1 5 1 12 1
-1068885754912 1 2 2 1 4 1 5 1 12 1
146693217599 1 1 3 1 4 1 5 1 12 1
-114464532114 1 3 5 2 12 1
89245355436 1 1 2 1 5 2 12 1
106689846467 1 7 6 1 12 1
-879132651506 1 5 2 1 6 1 12 1
1790410093092 1 3 2 2 6 1 12 1
-793676853045 1 1 2 3 6 1 12 1
465062220218 1 4 3 1 6 1 12 1
-1060700390114 1 2 2 1 3 1 6 1 12 1
71785013576 1 1 3 2 6 1 12 1
-351281451021 1 3 4 1 6 1 12 1
558875817779 1 1 2 1 4 1 6 1 12 1
143570027152 1 2 5 1 6 1 12 1
-43294827268 1 1 6 2 12 1
-85171067437 1 6 7 1 12 1
532290634133 1 4 2 1 7 1 12 1
-635128826807 1 2 2 2 7 1 12 1
-231864285036 1 3 3 1 7 1 12 1
178490710872 1 1 2 1 3 1 7 1 12 1
146693217599 1 2 4 1 7 1 12 1
-28370670856 1 1 5 1 7 1 12 1
78080144707 1 5 8 1 12 1
-408500048431 1 3 2 1 8 1 12 1
342660874247 1 1 2 2 8 1 12 1
145583749694 1 2 3 1 8 1 12 1
-88791346717 1 1 4 1 8 1 12 1
-56749335316 1 4 9 1 12 1
178490710872 1 2 2 1 9 1 12 1
-28370670856 1 1 3 1 9 1 12 1
49658412586 1 3 10 1 12 1
-112609989656 1 1 2 1 10 1 12 1
-28370670856 1 2 11 1 12 1
10639874063 1 1 12 2
7090922730 1 12 13 1
-152451348727 1 10 2 1 13 1
965824106223 1 8 2 2 13 1
-2502776819536 1 6 2 3 13 1
2665900022429 1 4 2 4 13 1
-886926444426 1 2 2 5 13 1
122032221097 1 9 3 1 13 1
-1284448529162 1 7 2 1 3 1 13 1
3872300462415 1 5 2 2 3 1 13 1
-3598999899442 1 3 2 3 3 1 13 1
510869393971 1 1 2 4 3 1 13 1
395091614267 1 6 3 2 13 1
-1724515542151 1 4 2 1 3 2 13 1
1285478339684 1 2 2 2 3 2 13 1
206385426444 1 3 3 3 13 1
-104092783216 1 1 2 1 3 3 13 1
-114941298367 1 8 4 1 13 1
1074965746554 1 6 2 1 4 1 13 1
-2684101457530 1 4 2 2 4 1 13 1
1732178437318 1 2 2 3 4 1 13 1
-618210496286 1 5 3 1 4 1 13 1
2023438239094 1 3 2 1 3 1 4 1 13 1
-654440582112 1 1 2 2 3 1 4 1 13 1
-267785197321 1 2 3 2 4 1 13 1
237423732899 1 4 4 2 13 1
-548001135726 1 2 2 1 4 2 13 1
75704621757 1 1 3 1 4 2 13 1
92501021071 1 7 5 1 13 1
-686851667612 1 5 2 1 5 1 13 1
1158812483510 1 3 2 2 5 1 13 1
-262583714516 1 1 2 3 5 1 13 1
347881175620 1 4 3 1 5 1 13 1
-628727982516 1 2 2 1 3 1 5 1 13 1
42726583001 1 1 3 2 5 1 13 1
-234049345158 1 3 4 1 5 1 13 1
184826008662 1 1 2 1 4 1 5 1 13 1
42799033990 1 2 5 2 13 1
-85410098341 1 6 6 1 13 1
534400318885 1 4 2 1 6 1 13 1
-638597676618 1 2 2 2 6 1 13 1
-232939877253 1 3 3 1 6 1 13 1
179763834311 1 1 2 1 3 1 6 1 13 1
147529778912 1 2 4 1 6 1 13 1
-28609701760 1 1 5 1 6 1 13 1
63891319311 1 5 7 1 13 1
-274147956048 1 3 2 1 7 1 13 1
113977241688 1 1 2 2 7 1 13 1
86331596607 1 2 3 1 7 1 13 1
-29531200026 1 1 4 1 7 1 13 1
-56800396581 1 4 8 1 13 1
178728041202 1 2 2 1 8 1 13 1
-28421732121 1 1 3 1 8 1 13 1
35469587190 1 3 9 1 13 1
-37510050360 1 1 2 1 9 1 13 1
-28378664460 1 2 10 1 13 1
7090922730 1 1 11 1 13 1
-7090922730 1 11 14 1
145360425997 1 9 2 1 14 1
-841751421956 1 7 2 2 14 1
1905778530117 1 5 2 3 14 1
-1644782942585 1 3 2 4 14 1
376057050455 1 1 2 5 14 1
-114941298367 1 8 3 1 14 1
1073813210988 1 6 2 1 3 1 14 1
-2673849920507 1 4 2 2 3 1 14 1
1715256671054 1 2 2 3 3 1 14 1
-308528980360 1 5 3 2 14 1
1004632084904 1 3 2 1 3 2 14 1
-318759407924 1 1 2 2 3 2 14 1
-87954221686 1 2 3 3 14 1
107850375637 1 7 4 1 14 1
-892752160501 1 5 2 1 4 1 14 1
1826572537692 1 3 2 2 4 1 14 1
-815154140690 1 1 2 3 4 1 14 1
473506960593 1 4 3 1 4 1 14 1
-1085750734429 1 2 2 1 3 1 4 1 14 1
73649370806 1 1 3 2 4 1 14 1
-179282831113 1 3 4 2 14 1
287470505307 1 1 2 1 4 2 14 1
-85410098341 1 6 5 1 14 1
534169281585 1 4 2 1 5 1 14 1
-637518815848 1 2 2 2 5 1 14 1
-232708839953 1 3 3 1 5 1 14 1
178684973541 1 1 2 1 3 1 5 1 14 1
147298741612 1 2 4 1 5 1 14 1
-14189332230 1 1 5 2 14 1
78319175611 1 5 6 1 14 1
-410327634618 1 3 2 1 6 1 14 1
344856600619 1 1 2 2 6 1 14 1
146377243346 1 2 3 1 6 1 14 1
-89388877126 1 1 4 1 6 1 14 1
-56800396581 1 4 7 1 14 1
178684973541 1 2 2 1 7 1 14 1
-28378664460 1 1 3 1 7 1 14 1
49709473851 1 3 8 1 14 1
-112796258721 1 1 2 1 8 1 14 1
-28378664460 1 2 9 1 14 1
21287741730 1 1 10 1 14 1
7090922730 1 10 15 1
-124072684267 1 8 2 1 15 1
596998289419 1 6 2 2 15 1
-1021117079844 1 4 2 3 15 1
510869393971 1 2 2 4 15 1
93653556637 1 7 3 1 15 1
-697103204635 1 5 2 1 3 1 15 1
1175734249774 1 3 2 2 3 1 15 1
-262583714516 1 1 2 3 3 1 15 1
176572106544 1 4 3 2 15 1
-317528493638 1 2 2 1 3 2 15 1
14304850880 1 1 3 3 15 1
-86562633907 1 6 4 1 15 1
544420818608 1 4 2 1 4 1 15 1
-654440582112 1 2 2 2 4 1 15 1
-237971877421 1 3 3 1 4 1 15 1
184826008662 1 1 2 1 3 1 4 1 15 1
75704621757 1 2 4 2 15 1
64122356611 1 5 5 1 15 1
-275226816818 1 3 2 1 5 1 15 1
113977241688 1 1 2 2 5 1 15 1
86562633907 1 2 3 1 5 1 15 1
-29531200026 1 1 4 1 5 1 15 1
-57031433881 1 4 6 1 15 1
179763834311 1 2 2 1 6 1 15 1
-28609701760 1 1 3 1 6 1 15 1
35512654851 1 3 7 1 15 1
-37510050360 1 1 2 1 7 1 15 1
-28421732121 1 2 8 1 15 1
7090922730 1 1 9 1 15 1
-7090922730 1 9 16 1
116981761537 1 7 2 1 16 1
-501347337273 1 5 2 2 16 1
708008978614 1 3 2 3 16 1
-248285679455 1 1 2 4 16 1
-86562633907 1 6 3 1 16 1
543311350703 1 4 2 1 3 1 16 1
-649190438122 1 2 2 2 3 1 16 1
-118431204758 1 3 3 2 16 1
89787932336 1 1 2 1 3 2 16 1
79471711177 1 5 4 1 16 1
-419238666436 1 3 2 1 4 1 16 1
355637331762 1 1 2 2 4 1 16 1
150299775609 1 2 3 1 4 1 16 1
-46173421731 1 1 4 2 16 1
-57031433881 1 4 5 1 16 1
179575864672 1 2 2 1 5 1 16 1
-28421732121 1 1 3 1 5 1 16 1
49940511151 1 3 6 1 16 1
-113644082191 1 1 2 1 6 1 16 1
-28421732121 1 2 7 1 16 1
21330809391 1 1 8 1 16 1
7090922730 1 8 17 1
-95650952146 1 6 2 1 17 1
313108101230 1 4 2 2 17 1
-262583714516 1 2 2 3 17 1
65231824516 1 5 3 1 17 1
-280476960808 1 3 2 1 3 1 17 1
113977241688 1 1 2 2 3 1 17 1
43836050906 1 2 3 2 17 1
-58140901786 1 4 4 1 17 1
184826008662 1 2 2 1 4 1 17 1
-29531200026 1 1 3 1 4 1 17 1
35700624490 1 3 5 1 17 1
-37510050360 1 1 2 1 5 1 17 1
-28609701760 1 2 6 1 17 1
7090922730 1 1 7 1 17 1
-7090922730 1 7 18 1
88560029416 1 5 2 1 18 1
-246066850844 1 3 2 2 18 1
148606472828 1 1 2 3 18 1
-58140901786 1 4 3 1 18 1
183904510396 1 2 2 1 3 1 18 1
-14304850880 1 1 3 2 18 1
51049979056 1 3 4 1 18 1
-117784758276 1 1 2 1 4 1 18 1
-28609701760 1 2 5 1 18 1
21518779030 1 1 6 1 18 1
7090922730 1 6 19 1
-67041250386 1 4 2 1 19 1
113977241688 1 2 2 2 19 1
36622122756 1 3 3 1 19 1
-37510050360 1 1 2 1 3 1 19 1
-29531200026 1 2 4 1 19 1
7090922730 1 1 5 1 19 1
-7090922730 1 5 20 1
59950327656 1 3 2 1 20 1
-76467191328 1 1 2 2 20 1
-29531200026 1 2 3 1 20 1
22440277296 1 1 4 1 20 1
7090922730 1 4 21 1
-37510050360 1 2 2 1 21 1
7090922730 1 1 3 1 21 1
-7090922730 1 3 22 1
30419127630 1 1 2 1 22 1
7090922730 1 2 23 1
-7090922730 1 1 24 1
