609776689223427721003008000000
2155381956 1 26
-56039930856 1 24 2 1
637368282114 1 22 2 2
-4159074375852 1 20 2 3
17146608518070 1 18 2 4
-46262696158764 1 16 2 5
81451087926552 1 14 2 6
-89224950014928 1 12 2 7
51808227632304 1 10 2 8
-3934555329120 1 8 2 9
-13325810759586 1 6 2 10
7101701327820 1 4 2 11
-1237907048610 1 2 2 12
53884548900 2 13
48949008126 1 23 3 1
-1055605410582 1 21 2 1 3 1
9702316761060 1 19 2 2 3 1
-49436873434350 1 17 2 3 3 1
151684782633432 1 15 2 4 3 1
-282846314723112 1 13 2 5 3 1
300042348547344 1 11 2 6 3 1
-132840605476410 1 9 2 7 3 1
-45163853501910 1 7 2 8 3 1
71802284528406 1 5 2 9 3 1
-24315941432100 1 3 2 10 3 1
2264588629890 1 1 2 11 3 1
432234051408 1 20 3 2
-7426480007010 1 18 2 1 3 2
52260507823698 1 16 2 2 3 2
-192440742885936 1 14 2 3 3 2
388132333815304 1 12 2 4 3 2
-389042978464218 1 10 2 5 3 2
82567155586071 1 8 2 6 3 2
172202078536736 1 6 2 7 3 2
-132688791907344 1 4 2 8 3 2
27835801154550 1 2 2 9 3 2
-863590358490 2 10 3 2
1861309972422 1 17 3 3
-23924989764720 1 15 2 1 3 3
117356614786928 1 13 2 2 3 3
-265573041947148 1 11 2 3 3 3
237020005680744 1 9 2 4 3 3
61312368849064 1 7 2 5 3 3
-230974680812904 1 5 2 6 3 3
112932657260136 1 3 2 7 3 3
-12550270084650 1 1 2 8 3 3
3985045355532 1 14 3 4
-34112669283082 1 12 2 1 3 4
93379251337619 1 10 2 2 3 4
-60734773022666 1 8 2 3 3 4
-106360582628086 1 6 2 4 3 4
150807984719456 1 4 2 5 3 4
-46924089055488 1 2 2 6 3 4
1830730573800 2 7 3 4
3735874852892 1 11 3 5
-15320450811806 1 9 2 1 3 5
-654071379216 1 7 2 2 3 5
55394820537020 1 5 2 3 3 5
-50949030445140 1 3 2 4 3 5
8854351860060 1 1 2 5 3 5
824567378951 1 8 3 6
2865211207140 1 6 2 1 3 6
-13134668591702 1 4 2 2 3 6
8534543300192 1 2 2 3 3 6
-567276858540 2 4 3 6
-326849708080 1 5 3 7
1363810406616 1 3 2 1 3 7
-608420407560 1 1 2 2 3 7
-45799557327 1 2 3 8
12351873120 2 1 3 8
-48949008126 1 22 4 1
1011322043436 1 20 2 1 4 1
-8837922186330 1 18 2 2 4 1
42383217595734 1 16 2 3 4 1
-120616893371016 1 14 2 4 4 1
203700209022856 1 12 2 5 4 1
-185919080609574 1 10 2 6 4 1
54686505322761 1 8 2 7 4 1
44608866086054 1 6 2 8 4 1
-39753724938204 1 4 2 9 4 1
9492181354950 1 2 2 10 4 1
-537407912910 2 11 4 1
-820184735670 1 19 3 1 4 1
13335471125154 1 17 2 1 3 1 4 1
-87704016985296 1 15 2 2 3 1 4 1
296161650195896 1 13 2 3 3 1 4 1
-529224496888542 1 11 2 4 3 1 4 1
427023441617331 1 9 2 5 3 1 4 1
14800269012784 1 7 2 6 3 1 4 1
-242705143858224 1 5 2 7 3 1 4 1
123603042915666 1 3 2 8 3 1 4 1
-15747302062650 1 1 2 9 3 1 4 1
-4930835603130 1 16 3 2 4 1
58729491842408 1 14 2 1 3 2 4 1
-260301369071068 1 12 2 2 3 2 4 1
504956334266254 1 10 2 3 3 2 4 1
-308930821005657 1 8 2 4 3 2 4 1
-269075618176500 1 6 2 5 3 2 4 1
398723669582752 1 4 2 6 3 2 4 1
-123535512907128 1 2 2 7 3 2 4 1
5227347789450 2 8 3 2 4 1
-12658046793860 1 13 3 3 4 1
95960363569369 1 11 2 1 3 3 4 1
-212982711787777 1 9 2 2 3 3 4 1
37613275685492 1 7 2 3 3 3 4 1
335417097305656 1 5 2 4 3 3 4 1
-281900524534628 1 3 2 5 3 3 4 1
46742471217252 1 1 2 6 3 3 4 1
-12305589677657 1 10 3 4 4 1
36448864775973 1 8 2 1 3 4 4 1
43234448797728 1 6 2 2 3 4 4 1
-168647561897518 1 4 2 3 3 4 4 1
91326904500048 1 2 2 4 3 4 4 1
-5450690708820 2 5 3 4 4 1
-1459582019968 1 7 3 5 4 1
-16252654419490 1 5 2 1 3 5 4 1
38091586502984 1 3 2 2 3 5 4 1
-12413556916768 1 1 2 3 3 5 4 1
1521110973494 1 4 3 6 4 1
-3497198370324 1 2 2 1 3 6 4 1
509605422600 2 2 3 6 4 1
90071046993 1 1 3 7 4 1
390143449200 1 18 4 2
-5992744254174 1 16 2 1 4 2
36740548888284 1 14 2 2 4 2
-113284647881288 1 12 2 3 4 2
177672547460382 1 10 2 4 4 2
-110250891781611 1 8 2 5 4 2
-35739866676226 1 6 2 6 4 2
74371351832940 1 4 2 7 4 2
-26033432970528 1 2 2 8 4 2
2002427609550 2 9 4 2
4349952139984 1 15 3 1 4 2
-47809906171804 1 13 2 1 3 1 4 2
189948709892071 1 11 2 2 3 1 4 2
-308793696190157 1 9 2 3 3 1 4 2
98959473662700 1 7 2 4 3 1 4 2
233837305967560 1 5 2 5 3 1 4 2
-203782081064052 1 3 2 6 3 1 4 2
37939070511972 1 1 2 7 3 1 4 2
14927672751927 1 12 3 2 4 2
-98805550221617 1 10 2 1 3 2 4 2
167918337323481 1 8 2 2 3 2 4 2
68596095890908 1 6 2 3 3 2 4 2
-328973001234607 1 4 2 4 3 2 4 2
168538305893816 1 2 2 5 3 2 4 2
-10451170274292 2 6 3 2 4 2
15531671459679 1 9 3 3 4 2
-27261650414340 1 7 2 1 3 3 4 2
-94012468095244 1 5 2 2 3 3 4 2
175077159908616 1 3 2 3 3 3 4 2
-49460674520260 1 1 2 4 3 3 4 2
-469764950476 1 6 3 4 4 2
28933488830290 1 4 2 1 3 4 4 2
-37542888263966 1 2 2 2 3 4 4 2
4110297952048 2 3 3 4 4 2
-2481385981640 1 3 3 5 4 2
2774407952637 1 1 2 1 3 5 4 2
-40663554513 3 6 4 2
-1280426509276 1 14 4 3
12942254989183 1 12 2 1 4 3
-45784320795583 1 10 2 2 4 3
60953162445262 1 8 2 3 4 3
-1703068518820 1 6 2 4 4 3
-54438544798014 1 4 2 5 4 3
31078670401252 1 2 2 6 4 3
-3458768923080 2 7 4 3
-7758237439469 1 11 3 1 4 3
44137493831482 1 9 2 1 3 1 4 3
-52267745060248 1 7 2 2 3 1 4 3
-65099844391200 1 5 2 3 3 1 4 3
124778197953260 1 3 2 4 3 1 4 3
-37722390535088 1 1 2 5 3 1 4 3
-9296666618390 1 8 3 2 4 3
4041046355116 1 6 2 1 3 2 4 3
73212736827204 1 4 2 2 3 2 4 3
-77031158870696 1 2 2 3 3 2 4 3
7943175764888 2 4 3 2 4 3
2558198624620 1 5 3 3 4 3
-22674975629424 1 3 2 1 3 3 4 3
14840211931878 1 1 2 2 3 3 4 3
1813361737879 1 2 3 4 4 3
-661139532186 2 1 3 4 4 3
1505759612410 1 10 4 4
-7264721866485 1 8 2 1 4 4
5107381312471 1 6 2 2 4 4
13863630408998 1 4 2 3 4 4
-15630776938717 1 2 2 4 4 4
2783916154320 2 5 4 4
2610453079588 1 7 3 1 4 4
2793327158482 1 5 2 1 3 1 4 4
-23711901552592 1 3 2 2 3 1 4 4
14251248094843 1 1 2 3 3 1 4 4
-2002198449491 1 4 3 2 4 4
8367214647681 1 2 2 1 3 2 4 4
-1932811096543 2 2 3 2 4 4
-593337806543 1 1 3 3 4 4
-275743096112 1 6 4 5
-756824914262 1 4 2 1 4 5
2631876257225 1 2 2 2 4 5
-911614945170 2 3 4 5
615054503997 1 3 3 1 4 5
-1378292437610 1 1 2 1 3 1 4 5
67100784890 3 2 4 5
-64072783100 1 2 4 6
79915341510 2 1 4 6
44283367146 1 21 5 1
-864394574730 1 19 2 1 5 1
7053655838616 1 17 2 2 5 1
-31067889262416 1 15 2 3 5 1
79146105700256 1 13 2 4 5 1
-114123267937770 1 11 2 5 5 1
78154100153649 1 9 2 6 5 1
554987415856 1 7 2 7 5 1
-32048559590202 1 5 2 8 5 1
14823760077150 1 3 2 9 5 1
-1727180716980 1 1 2 10 5 1
692992151406 1 18 3 1 5 1
-10460231126154 1 16 2 1 3 1 5 1
62616282804596 1 14 2 2 3 1 5 1
-186303542040044 1 12 2 3 3 1 5 1
274129133647174 1 10 2 4 3 1 5 1
-139159029725097 1 8 2 5 3 1 5 1
-91706639112422 1 6 2 6 3 1 5 1
121998186094108 1 4 2 7 3 1 5 1
-33663933649026 1 2 2 8 3 1 5 1
1287751264650 2 9 3 1 5 1
3790807240424 1 15 3 2 5 1
-40637608448928 1 13 2 1 3 2 5 1
155334368318623 1 11 2 2 3 2 5 1
-233585136739119 1 9 2 3 3 2 5 1
38451981836568 1 7 2 4 3 2 5 1
212534995607320 1 5 2 5 3 2 5 1
-152578541059396 1 3 2 6 3 2 5 1
22058081156124 1 1 2 7 3 2 5 1
8433070313785 1 12 3 3 5 1
-53464594332291 1 10 2 1 3 3 5 1
81410800823151 1 8 2 2 3 3 5 1
57589186508092 1 6 2 3 3 3 5 1
-180868099660921 1 4 2 4 3 3 5 1
79890719154176 1 2 2 5 3 3 5 1
-4037367833388 2 6 3 3 5 1
6232674220772 1 9 3 4 5 1
-8661552665872 1 7 2 1 3 4 5 1
-42775165832378 1 5 2 2 3 4 5 1
68882848680744 1 3 2 3 3 4 5 1
-17134930476932 1 1 2 4 3 4 5 1
-372271498556 1 6 3 5 5 1
9792991280942 1 4 2 1 3 5 5 1
-11504146076954 1 2 2 2 3 5 5 1
1135328477072 2 3 3 5 5 1
-677040674500 1 3 3 6 5 1
698286641763 1 1 2 1 3 6 5 1
-8743937967 3 7 5 1
-653094314136 1 17 4 1 5 1
9258582717692 1 15 2 1 4 1 5 1
-51182877435086 1 13 2 2 4 1 5 1
136689515693939 1 11 2 3 4 1 5 1
-169143108360289 1 9 2 4 4 1 5 1
47242077652698 1 7 2 5 4 1 5 1
81690235407056 1 5 2 6 4 1 5 1
-62972783494884 1 3 2 7 4 1 5 1
10454695578900 1 1 2 8 4 1 5 1
-6568181762900 1 14 3 1 4 1 5 1
64199416714511 1 12 2 1 3 1 4 1 5 1
-214676414913841 1 10 2 2 3 1 4 1 5 1
249131077655397 1 8 2 3 3 1 4 1 5 1
63972333332534 1 6 2 4 3 1 4 1 5 1
-281639852748969 1 4 2 5 3 1 4 1 5 1
122942001416960 1 2 2 6 3 1 4 1 5 1
-6660423194148 2 7 3 1 4 1 5 1
-19154273382274 1 11 3 2 4 1 5 1
102104137116017 1 9 2 1 3 2 4 1 5 1
-94821849046518 1 7 2 2 3 2 4 1 5 1
-196471372875230 1 5 2 3 3 2 4 1 5 1
284920080150864 1 3 2 4 3 2 4 1 5 1
-65701843099288 1 1 2 5 3 2 4 1 5 1
-14017356928461 1 8 3 3 4 1 5 1
-2042625255780 1 6 2 1 3 3 4 1 5 1
123965477056894 1 4 2 2 3 3 4 1 5 1
-109925406161508 1 2 2 3 3 3 4 1 5 1
9189955417404 2 4 3 3 4 1 5 1
3823678782602 1 5 3 4 4 1 5 1
-26983869246578 1 3 2 1 3 4 4 1 5 1
15403496831479 1 1 2 2 3 4 4 1 5 1
1669370931444 1 2 3 5 4 1 5 1
-547008029001 2 1 3 5 4 1 5 1
2840523627409 1 13 4 2 5 1
-25159904973857 1 11 2 1 4 2 5 1
72508767286062 1 9 2 2 4 2 5 1
-59582547918948 1 7 2 3 4 2 5 1
-50032696959957 1 5 2 4 4 2 5 1
81089010877840 1 3 2 5 4 2 5 1
-20902340548584 1 1 2 6 4 2 5 1
14265731101517 1 10 3 1 4 2 5 1
-61823581079502 1 8 2 1 3 1 4 2 5 1
17599880090134 1 6 2 2 3 1 4 2 5 1
156169506091412 1 4 2 3 3 1 4 2 5 1
-126926530007250 1 2 2 4 3 1 4 2 5 1
10700374388032 2 5 3 1 4 2 5 1
10517404283924 1 7 3 2 4 2 5 1
23280937785152 1 5 2 1 3 2 4 2 5 1
-110885534494868 1 3 2 2 3 2 4 2 5 1
49568184074794 1 1 2 3 3 2 4 2 5 1
-7096003216482 1 4 3 3 4 2 5 1
23995133677796 1 2 2 1 3 3 4 2 5 1
-4464409416962 2 2 3 3 4 2 5 1
-1230044595780 1 1 3 4 4 2 5 1
-3490152874255 1 9 4 3 5 1
11762302514661 1 7 2 1 4 3 5 1
5135220129317 1 5 2 2 4 3 5 1
-34249909231662 1 3 2 3 4 3 5 1
15886351529776 1 1 2 4 4 3 5 1
-2824038694537 1 6 3 1 4 3 5 1
-16920741529969 1 4 2 1 3 1 4 3 5 1
36909268765610 1 2 2 2 3 1 4 3 5 1
-5827551175907 2 3 3 1 4 3 5 1
4970161804778 1 3 3 2 4 3 5 1
-7977174258357 1 1 2 1 3 2 4 3 5 1
257833882093 3 3 4 3 5 1
147004969139 1 5 4 4 5 1
3323675364613 1 3 2 1 4 4 5 1
-3865622193086 1 1 2 2 4 4 5 1
-1417293418483 1 2 3 1 4 4 5 1
764598818770 2 1 3 1 4 4 5 1
134201569780 1 1 4 5 5 1
270164793086 1 16 5 2
-3508453898182 1 14 2 1 5 2
17267187036424 1 12 2 2 5 2
-38899165214695 1 10 2 3 5 2
34674383337492 1 8 2 4 5 2
5774294768938 1 6 2 5 5 2
-25113107093365 1 4 2 6 5 2
9620612597456 1 2 2 7 5 2
-465823439982 2 8 5 2
2423303538201 1 13 3 1 5 2
-20713389061772 1 11 2 1 3 1 5 2
55982393401626 1 9 2 2 3 1 5 2
-36585748395926 1 7 2 3 3 1 5 2
-51198578397873 1 5 2 4 3 1 5 2
61866203622388 1 3 2 5 3 1 5 2
-12147158778004 1 1 2 6 3 1 5 2
5838199874370 1 10 3 2 5 2
-23355598887924 1 8 2 1 3 2 5 2
57499018709 1 6 2 2 3 2 5 2
66375880958840 1 4 2 3 3 2 5 2
-45323410998373 1 2 2 4 3 2 5 2
3090628741220 2 5 3 2 5 2
2525634534494 1 7 3 3 5 2
7873095745094 1 5 2 1 3 3 5 2
-29363965055288 1 3 2 2 3 3 5 2
11426201388546 1 1 2 3 3 3 5 2
-1536679094331 1 4 3 4 5 2
4602468771289 1 2 2 1 3 4 5 2
-768500958048 2 2 3 4 5 2
-185384257236 1 1 3 5 5 2
-2044841642275 1 12 4 1 5 2
15528931435975 1 10 2 1 4 1 5 2
-34292596479307 1 8 2 2 4 1 5 2
8050347043654 1 6 2 3 4 1 5 2
41603309053075 1 4 2 4 4 1 5 2
-27919800584928 1 2 2 5 4 1 5 2
2009586281924 2 6 4 1 5 2
-8191956309418 1 9 3 1 4 1 5 2
23846246735055 1 7 2 1 3 1 4 1 5 2
23324316236645 1 5 2 2 3 1 4 1 5 2
-80372726336854 1 3 2 3 3 1 4 1 5 2
27658179656704 1 1 2 4 3 1 4 1 5 2
-2388862079187 1 6 3 2 4 1 5 2
-22667994937195 1 4 2 1 3 2 4 1 5 2
39745065727792 1 2 2 2 3 2 4 1 5 2
-5039896994017 2 3 3 2 4 1 5 2
3999804246174 1 3 3 3 4 1 5 2
-5508851735897 1 1 2 1 3 3 4 1 5 2
132920629434 3 4 4 1 5 2
2782659938963 1 8 4 2 5 2
-5008103378376 1 6 2 1 4 2 5 2
-13368871531834 1 4 2 2 4 2 5 2
20375346540226 1 2 2 3 4 2 5 2
-2481251573857 2 4 4 2 5 2
-234863733665 1 5 3 1 4 2 5 2
16211284655052 1 3 2 1 3 1 4 2 5 2
-13440723674817 1 1 2 2 3 1 4 2 5 2
-3074596588688 1 2 3 2 4 2 5 2
1319852737526 2 1 3 2 4 2 5 2
417776725109 1 4 4 3 5 2
-3140740169949 1 2 2 1 4 3 5 2
875336452559 2 2 4 3 5 2
776537428821 1 1 3 1 4 3 5 2
-41471671650 4 4 5 2
474978360742 1 11 5 3
-2998779738616 1 9 2 1 5 3
4508271301017 1 7 2 2 5 3
2565537501559 1 5 2 3 5 3
-7284968788340 1 3 2 4 5 3
2062836829304 1 1 2 5 5 3
1432432846105 1 8 3 1 5 3
-1937359146477 1 6 2 1 3 1 5 3
-8033445038163 1 4 2 2 3 1 5 3
9767015636286 1 2 2 3 3 1 5 3
-951491591105 2 4 3 1 5 3
-207172107254 1 5 3 2 5 3
4359844091418 1 3 2 1 3 2 5 3
-3091517292765 1 1 2 2 3 2 5 3
-525615801128 1 2 3 3 5 3
201258985847 2 1 3 3 5 3
-865869903536 1 7 4 1 5 3
-36346556529 1 5 2 1 4 1 5 3
5874461955122 1 3 2 2 4 1 5 3
-3364274083077 1 1 2 3 4 1 5 3
852357169083 1 4 3 1 4 1 5 3
-4552911220432 1 2 2 1 3 1 4 1 5 3
1004743098511 2 2 3 1 4 1 5 3
535030521122 1 1 3 2 4 1 5 3
-402146484098 1 3 4 2 5 3
881152384705 1 1 2 1 4 2 5 3
-94982978035 3 1 4 2 5 3
79932984768 1 6 5 4
220860935364 1 4 2 1 5 4
-632934475641 1 2 2 2 5 4
96015434493 2 3 5 4
-166737842299 1 3 3 1 5 4
303256927691 1 1 2 1 3 1 5 4
-16225778062 3 2 5 4
104488418703 1 2 4 1 5 4
-54965333293 2 1 4 1 5 4
-6507886385 1 1 5 5
-44283367146 1 20 6 1
824496737460 1 18 2 1 6 1
-6356767535946 1 16 2 2 6 1
26103552771380 1 14 2 3 6 1
-60736628702022 1 12 2 4 6 1
76933381663931 1 10 2 5 6 1
-40775550459829 1 8 2 6 6 1
-9992374102826 1 6 2 7 6 1
19776354804914 1 4 2 8 6 1
-6260366597424 1 2 2 9 6 1
439429452330 2 10 6 1
-653094314136 1 17 3 1 6 1
9254670211328 1 15 2 1 3 1 6 1
-51130866840788 1 13 2 2 3 1 6 1
136428423256567 1 11 2 3 3 1 6 1
-168544059297456 1 9 2 4 3 1 6 1
46686529792740 1 7 2 5 3 1 6 1
81665377248640 1 5 2 6 3 1 6 1
-62683917813884 1 3 2 7 3 1 6 1
10365381308376 1 1 2 8 3 1 6 1
-3282134628268 1 14 3 2 6 1
32057243249174 1 12 2 1 3 2 6 1
-107069699230408 1 10 2 2 3 2 6 1
123915015582021 1 8 2 3 3 2 6 1
32436046698596 1 6 2 4 3 2 6 1
-140463314682275 1 4 2 5 3 2 6 1
61063165850524 1 2 2 6 3 2 6 1
-3285554461812 2 7 3 2 6 1
-6373784586803 1 11 3 3 6 1
33920715062285 1 9 2 1 3 3 6 1
-31302539235776 1 7 2 2 3 3 6 1
-65551374955204 1 5 2 3 3 3 6 1
94535399044908 1 3 2 4 3 3 6 1
-21686138114548 1 1 2 5 3 3 6 1
-3487822253738 1 8 3 4 6 1
-566341324794 1 6 2 1 3 4 6 1
30923433766286 1 4 2 2 3 4 6 1
-27289556807430 1 2 2 3 3 4 6 1
2268332674168 2 4 3 4 6 1
766836983066 1 5 3 5 6 1
-5372433801488 1 3 2 1 3 5 6 1
3051050788557 1 1 2 2 3 5 6 1
276325411623 1 2 3 6 6 1
-90071046993 2 1 3 6 6 1
617524833756 1 16 4 1 6 1
-8202071187646 1 14 2 1 4 1 6 1
41710435133263 1 12 2 2 4 1 6 1
-99251481746130 1 10 2 3 4 1 6 1
100907302495575 1 8 2 4 4 1 6 1
-5069156610946 1 6 2 5 4 1 6 1
-57728244420701 1 4 2 6 4 1 6 1
28920343907916 1 2 2 7 4 1 6 1
-2862625504788 2 8 4 1 6 1
5677015802367 1 13 3 1 4 1 6 1
-50241841300152 1 11 2 1 3 1 4 1 6 1
144585218957367 1 9 2 2 3 1 4 1 6 1
-118314769143094 1 7 2 3 3 1 4 1 6 1
-100331100862259 1 5 2 4 3 1 4 1 6 1
161503986612116 1 3 2 5 3 1 4 1 6 1
-41441015948040 1 1 2 6 3 1 4 1 6 1
14236037130392 1 10 3 2 4 1 6 1
-61559803127220 1 8 2 1 3 2 4 1 6 1
17074845868071 1 6 2 2 3 2 4 1 6 1
155951330446232 1 4 2 3 3 2 4 1 6 1
-126108342366899 1 2 2 4 3 2 4 1 6 1
10549970588572 2 5 3 2 4 1 6 1
6964278605530 1 7 3 3 4 1 6 1
15611078745018 1 5 2 1 3 3 4 1 6 1
-73623498005256 1 3 2 2 3 3 4 1 6 1
32712135007536 1 1 2 3 3 3 4 1 6 1
-3545261982335 1 4 3 4 4 1 6 1
11915138068330 1 2 2 1 3 4 4 1 6 1
-2202635936454 2 2 3 4 4 1 6 1
-487146645513 1 1 3 5 4 1 6 1
-2458030279032 1 12 4 2 6 1
19620134414760 1 10 2 1 4 2 6 1
-48049431034108 1 8 2 2 4 2 6 1
24220950873216 1 6 2 3 4 2 6 1
43703828095164 1 4 2 4 4 2 6 1
-40849754411814 1 2 2 5 4 2 6 1
6182793596704 2 6 4 2 6 1
-10444555434207 1 9 3 1 4 2 6 1
35095360791261 1 7 2 1 3 1 4 2 6 1
15646181837515 1 5 2 2 3 1 4 2 6 1
-102390487318994 1 3 2 3 3 1 4 2 6 1
47237819130126 1 1 2 4 3 1 4 2 6 1
-4188900380365 1 6 3 2 4 2 6 1
-25397960855059 1 4 2 1 3 2 4 2 6 1
55024757200720 1 2 2 2 3 2 4 2 6 1
-8612508308153 2 3 3 2 4 2 6 1
4954277074150 1 3 3 3 4 2 6 1
-7894361518643 1 1 2 1 3 3 4 2 6 1
190701690633 3 4 4 2 6 1
2536644311267 1 8 4 3 6 1
-6321205083852 1 6 2 1 4 3 6 1
-7727848012822 1 4 2 2 4 3 6 1
19152754865740 1 2 2 3 4 3 6 1
-5096297206155 2 4 4 3 6 1
570078673557 1 5 3 1 4 3 6 1
13262292119854 1 3 2 1 3 1 4 3 6 1
-15323998052357 1 1 2 2 3 1 4 3 6 1
-2818675788934 1 2 3 2 4 3 6 1
1505571861946 2 1 3 2 4 3 6 1
86677504179 1 4 4 4 6 1
-2100693476806 1 2 2 1 4 4 6 1
1350350469198 2 2 4 4 6 1
664936283816 1 1 3 1 4 4 6 1
-51258226480 4 5 6 1
-504760105792 1 15 5 1 6 1
6090606982548 1 13 2 1 5 1 6 1
-27174750094093 1 11 2 2 5 1 6 1
52826392505476 1 9 2 3 5 1 6 1
-33712172327334 1 7 2 4 5 1 6 1
-20464116455145 1 5 2 5 5 1 6 1
29168193301456 1 3 2 6 5 1 6 1
-6571108923624 1 1 2 7 5 1 6 1
-4085651832099 1 12 3 1 5 1 6 1
30992345522988 1 10 2 1 3 1 5 1 6 1
-68286092279243 1 8 2 2 3 1 5 1 6 1
15681547253709 1 6 2 3 3 1 5 1 6 1
83118876567920 1 4 2 4 3 1 5 1 6 1
-55471431758131 1 2 2 5 3 1 5 1 6 1
3956315013640 2 6 3 1 5 1 6 1
-8168487987593 1 9 3 2 5 1 6 1
23682834254876 1 7 2 1 3 2 5 1 6 1
23498799625588 1 5 2 2 3 2 5 1 6 1
-80049555312732 1 3 2 3 3 2 5 1 6 1
27362322751197 1 1 2 4 3 2 5 1 6 1
-1567755805312 1 6 3 3 5 1 6 1
-15105803385365 1 4 2 1 3 3 5 1 6 1
26309066039212 1 2 2 2 3 3 5 1 6 1
-3312300562337 2 3 3 3 5 1 6 1
1992157852679 1 3 3 4 5 1 6 1
-2725751286747 1 1 2 1 3 4 5 1 6 1
52463627802 3 5 5 1 6 1
3436913225966 1 11 4 1 5 1 6 1
-22916929012660 1 9 2 1 4 1 5 1 6 1
39562258866629 1 7 2 2 4 1 5 1 6 1
9216744823062 1 5 2 3 4 1 5 1 6 1
-55471246760157 1 3 2 4 4 1 5 1 6 1
21099941177144 1 1 2 5 4 1 5 1 6 1
11090251028057 1 8 3 1 4 1 5 1 6 1
-19808514672940 1 6 2 1 3 1 4 1 5 1 6 1
-53551512902556 1 4 2 2 3 1 4 1 5 1 6 1
80997438509608 1 2 2 3 3 1 4 1 5 1 6 1
-9761407747641 2 4 3 1 4 1 5 1 6 1
-512056269175 1 5 3 2 4 1 5 1 6 1
32324874821558 1 3 2 1 3 2 4 1 5 1 6 1
-26584786507943 1 1 2 2 3 2 4 1 5 1 6 1
-4071469474500 1 2 3 3 4 1 5 1 6 1
1733686785568 2 1 3 3 4 1 5 1 6 1
-3643159442068 1 7 4 2 5 1 6 1
2429795646172 1 5 2 1 4 2 5 1 6 1
21490744763170 1 3 2 2 4 2 5 1 6 1
-17225016616306 1 1 2 3 4 2 5 1 6 1
2525458078537 1 4 3 1 4 2 5 1 6 1
-18740317339958 1 2 2 1 3 1 4 2 5 1 6 1
5160779546555 2 2 3 1 4 2 5 1 6 1
2303114048318 1 1 3 2 4 2 5 1 6 1
-915559827548 1 3 4 3 5 1 6 1
3011143723892 1 1 2 1 4 3 5 1 6 1
-325701808116 3 1 4 3 5 1 6 1
-1154658372019 1 10 5 2 6 1
6153487472180 1 8 2 1 5 2 6 1
-5844497889756 1 6 2 2 5 2 6 1
-9378055706652 1 4 2 3 5 2 6 1
11190611252351 1 2 2 4 5 2 6 1
-1111345238199 2 5 5 2 6 1
-2583124171371 1 7 3 1 5 2 6 1
-161234824649 1 5 2 1 3 1 5 2 6 1
17574554615086 1 3 2 2 3 1 5 2 6 1
-9974302681807 1 1 2 3 3 1 5 2 6 1
1283628427639 1 4 3 2 5 2 6 1
-6781734691811 1 2 2 1 3 2 5 2 6 1
1482997236713 2 2 3 2 5 2 6 1
528975406521 1 1 3 3 5 2 6 1
1418258190401 1 6 4 1 5 2 6 1
2543994592772 1 4 2 1 4 1 5 2 6 1
-10392660897509 1 2 2 2 4 1 5 2 6 1
1975469246594 2 3 4 1 5 2 6 1
-2411052731508 1 3 3 1 4 1 5 2 6 1
5222778089818 1 1 2 1 3 1 4 1 5 2 6 1
-280161452804 3 2 4 1 5 2 6 1
847928227274 1 2 4 2 5 2 6 1
-566308073498 2 1 4 2 5 2 6 1
-109032291735 1 5 5 3 6 1
-869193958490 1 3 2 1 5 3 6 1
990170572567 1 1 2 2 5 3 6 1
415270976848 1 2 3 1 5 3 6 1
-215840038274 2 1 3 1 5 3 6 1
-187087000240 1 1 4 1 5 3 6 1
6507886385 5 4 6 1
236752871291 1 14 6 2
-2647928384936 1 12 2 1 6 2
10662523709724 1 10 2 2 6 2
-17675705431216 1 8 2 3 6 2
7155712213596 1 6 2 4 6 2
9165960150233 1 4 2 5 6 2
-7420318328757 1 2 2 6 6 2
982834673788 2 7 6 2
1716713096208 1 11 3 1 6 2
-11432241414383 1 9 2 1 3 1 6 2
19679446802895 1 7 2 2 3 1 6 2
4699892713732 1 5 2 3 3 1 6 2
-27643210220727 1 3 2 4 3 1 6 2
10456586079451 1 1 2 5 3 1 6 2
2763283661341 1 8 3 2 6 2
-4900406262540 1 6 2 1 3 2 6 2
-13402690900655 1 4 2 2 3 2 6 2
20127876826014 1 2 2 3 3 2 6 2
-2403525402704 2 4 3 2 6 2
-91902925717 1 5 3 3 6 2
5371554203364 1 3 2 1 3 3 6 2
-4384303976871 1 1 2 2 3 3 6 2
-505585559000 1 2 3 4 6 2
213652463581 2 1 3 4 6 2
-1446436386001 1 10 4 1 6 2
8405149218917 1 8 2 1 4 1 6 2
-10874477151206 1 6 2 2 4 1 6 2
-7827901880746 1 4 2 3 4 1 6 2
15691718046315 1 2 2 4 4 1 6 2
-3426844797645 2 5 4 1 6 2
-3628152503940 1 7 3 1 4 1 6 2
2369643936660 1 5 2 1 3 1 4 1 6 2
21443795655284 1 3 2 2 3 1 4 1 6 2
-17070811520966 1 1 2 3 3 1 4 1 6 2
1271023568974 1 4 3 2 4 1 6 2
-9319447289532 1 2 2 1 3 2 4 1 6 2
2539523549980 2 2 3 2 4 1 6 2
759424112682 1 1 3 3 4 1 6 2
1170381853758 1 6 4 2 6 2
393438031036 1 4 2 1 4 2 6 2
-6889782241818 1 2 2 2 4 2 6 2
3050364735258 2 3 4 2 6 2
-1373160159788 1 3 3 1 4 2 6 2
4475961460346 1 1 2 1 3 1 4 2 6 2
-240217926922 3 2 4 2 6 2
344267893278 1 2 4 3 6 2
-583895623888 2 1 4 3 6 2
929762945872 1 9 5 1 6 2
-4080354266014 1 7 2 1 5 1 6 2
1617932222562 1 5 2 2 5 1 6 2
7716931063054 1 3 2 3 5 1 6 2
-4807050805408 1 1 2 4 5 1 6 2
1407633655238 1 6 3 1 5 1 6 2
2567100427356 1 4 2 1 3 1 5 1 6 2
-10337995607946 1 2 2 2 3 1 5 1 6 2
1940096457302 2 3 3 1 5 1 6 2
-1204508967728 1 3 3 2 5 1 6 2
2581315035910 1 1 2 1 3 2 5 1 6 2
-91901258598 3 3 5 1 6 2
-667497437010 1 5 4 1 5 1 6 2
-2930609214058 1 3 2 1 4 1 5 1 6 2
5079047099960 1 1 2 2 4 1 5 1 6 2
1688961775834 1 2 3 1 4 1 5 1 6 2
-1111222587842 2 1 3 1 4 1 5 1 6 2
-480435853844 1 1 4 2 5 1 6 2
-10679663090 1 4 5 2 6 2
939763574010 1 2 2 1 5 2 6 2
-323225590796 2 2 5 2 6 2
-277068887974 1 1 3 1 5 2 6 2
67234825238 4 1 5 2 6 2
-250082934595 1 8 6 3
888974619060 1 6 2 1 6 3
74717401332 1 4 2 2 6 3
-1674192642770 1 2 2 3 6 3
575859999821 2 4 6 3
-220270416582 1 5 3 1 6 3
-977209880484 1 3 2 1 3 1 6 3
1677826260774 1 1 2 2 3 1 6 3
280333036442 1 2 3 2 6 3
-182043227254 2 1 3 2 6 3
87115904610 1 4 4 1 6 3
750184933264 1 2 2 1 4 1 6 3
-667288624674 2 2 4 1 6 3
-317415823480 1 1 3 1 4 1 6 3
69523331640 4 2 6 3
56717507848 1 3 5 1 6 3
-364086454508 1 1 2 1 5 1 6 3
43899509724 3 1 5 1 6 3
-14743591947 1 2 6 4
40272766401 2 1 6 4
39897837270 1 19 7 1
-696888302670 1 17 2 1 7 1
4964336491036 1 15 2 2 7 1
-18409476998234 1 13 2 3 7 1
37189886273839 1 11 2 4 7 1
-37378549693820 1 9 2 5 7 1
9437386686970 1 7 2 6 7 1
12272204785288 1 5 2 7 7 1
-8563393479726 1 3 2 8 7 1
1287751264650 1 1 2 9 7 1
544242092536 1 16 3 1 7 1
-7068918390662 1 14 2 1 3 1 7 1
34795466510220 1 12 2 2 3 1 7 1
-78397379492223 1 10 2 3 3 1 7 1
69904314534942 1 8 2 4 3 1 7 1
11573447696292 1 6 2 5 3 1 7 1
-50515079867730 1 4 2 6 3 1 7 1
19330539465436 1 2 2 7 3 1 7 1
-931646879964 2 8 3 1 7 1
2441779075359 1 13 3 2 7 1
-20873875582447 1 11 2 1 3 2 7 1
56422104642985 1 9 2 2 3 2 7 1
-36895400648680 1 7 2 3 3 2 7 1
-51502815710265 1 5 2 4 3 2 7 1
62200895053272 1 3 2 5 3 2 7 1
-12182214055844 1 1 2 6 3 2 7 1
3922978660878 1 10 3 3 7 1
-15694998219531 1 8 2 1 3 3 7 1
54920387285 1 6 2 2 3 3 7 1
44519120269714 1 4 2 3 3 3 7 1
-30352520431265 1 2 2 4 3 3 7 1
2062836829304 2 5 3 3 7 1
1273161395262 1 7 3 4 7 1
3961536909250 1 5 2 1 3 4 7 1
-14764788735154 1 3 2 2 3 4 7 1
5731556840729 1 1 2 3 3 4 7 1
-618631895349 1 4 3 5 7 1
1849865316896 1 2 2 1 3 5 7 1
-307988570145 2 2 3 5 7 1
-62023574412 1 1 3 6 7 1
-508672612156 1 15 4 1 7 1
6142617576846 1 13 2 1 4 1 7 1
-27435842531465 1 11 2 2 4 1 7 1
53425441568309 1 9 2 3 4 1 7 1
-34267720187292 1 7 2 4 4 1 7 1
-20488974613561 1 5 2 5 4 1 7 1
29457058982456 1 3 2 6 4 1 7 1
-6660423194148 1 1 2 7 4 1 7 1
-4122602906415 1 12 3 1 4 1 7 1
31312753432511 1 10 2 1 3 1 4 1 7 1
-69160427352608 1 8 2 2 3 1 4 1 7 1
16286510428434 1 6 2 3 3 1 4 1 7 1
83738074422858 1 4 2 4 3 1 4 1 7 1
-56133155763304 1 2 2 5 3 1 4 1 7 1
4019172563848 2 6 3 1 4 1 7 1
-8260459089660 1 9 3 2 4 1 7 1
24049047102487 1 7 2 1 3 2 4 1 7 1
23472074181453 1 5 2 2 3 2 4 1 7 1
-80861981299898 1 3 2 3 3 2 4 1 7 1
27746493061196 1 1 2 4 3 2 4 1 7 1
-1606635691591 1 6 3 3 4 1 7 1
-15215064361347 1 4 2 1 3 3 4 1 7 1
26631026381714 1 2 2 2 3 3 4 1 7 1
-3364274083077 2 3 3 3 4 1 7 1
2012567620413 1 3 3 4 4 1 7 1
-2764215052204 1 1 2 1 3 4 4 1 7 1
53279636445 3 5 4 1 7 1
1735198989829 1 11 4 2 7 1
-11588453491287 1 9 2 1 4 2 7 1
20075917295703 1 7 2 2 4 2 7 1
4510102625891 1 5 2 3 4 2 7 1
-28005180966730 1 3 2 4 4 2 7 1
10700374388032 1 1 2 5 4 2 7 1
5614876607161 1 8 3 1 4 2 7 1
-10110157565771 1 6 2 1 3 1 4 2 7 1
-26929277901249 1 4 2 2 3 1 4 2 7 1
40995301730670 1 2 2 3 3 1 4 2 7 1
-4962503147714 2 4 3 1 4 2 7 1
-235880749453 1 5 3 2 4 2 7 1
16323614372916 1 3 2 1 3 2 4 2 7 1
-13488219098748 1 1 2 2 3 2 4 2 7 1
-2061419936410 1 2 3 3 4 2 7 1
881152384705 2 1 3 3 4 2 7 1
-1231737599028 1 7 4 3 7 1
843792443689 1 5 2 1 4 3 7 1
7228844901854 1 3 2 2 4 3 7 1
-5827551175907 1 1 2 3 4 3 7 1
842446874818 1 4 3 1 4 3 7 1
-6324980212023 1 2 2 1 3 1 4 3 7 1
1750672905118 2 2 3 1 4 3 7 1
779573211363 1 1 3 2 4 3 7 1
-230617805397 1 3 4 4 7 1
764598818770 1 1 2 1 4 4 7 1
-82943343300 3 1 4 4 7 1
409716259136 1 14 5 1 7 1
-4446087570528 1 12 2 1 5 1 7 1
17059361506817 1 10 2 2 5 1 7 1
-25602666578465 1 8 2 3 5 1 7 1
5386145182947 1 6 2 4 5 1 7 1
17829267057192 1 4 2 5 5 1 7 1
-10303136781683 1 2 2 6 5 1 7 1
649124562408 2 7 5 1 7 1
2873825521267 1 11 3 1 5 1 7 1
-18145766785673 1 9 2 1 3 1 5 1 7 1
27282273478660 1 7 2 2 3 1 5 1 7 1
15494597390067 1 5 2 3 3 1 5 1 7 1
-43982523382935 1 3 2 4 3 1 5 1 7 1
12414206327413 1 1 2 5 3 1 5 1 7 1
4334375953287 1 8 3 2 5 1 7 1
-5863088289453 1 6 2 1 3 2 5 1 7 1
-24269996586922 1 4 2 2 3 2 5 1 7 1
29451308128430 1 2 2 3 3 2 5 1 7 1
-2856962511137 2 4 3 2 5 1 7 1
-417352709563 1 5 3 3 5 1 7 1
8776327438682 1 3 2 1 3 3 5 1 7 1
-6204291435276 1 1 2 2 3 3 5 1 7 1
-792706411454 1 2 3 4 5 1 7 1
302441435007 2 1 3 4 5 1 7 1
-2333837232680 1 10 4 1 5 1 7 1
12464596117108 1 8 2 1 4 1 5 1 7 1
-11932239170097 1 6 2 2 4 1 5 1 7 1
-18852846388036 1 4 2 3 4 1 5 1 7 1
22659991896441 1 2 2 4 4 1 5 1 7 1
-2262153357815 2 5 4 1 5 1 7 1
-5242345207885 1 7 3 1 4 1 5 1 7 1
-217932785174 1 5 2 1 3 1 4 1 5 1 7 1
35499292144332 1 3 2 2 3 1 4 1 5 1 7 1
-20253069167858 1 1 2 3 3 1 4 1 5 1 7 1
2578111433475 1 4 3 2 4 1 5 1 7 1
-13738114170201 1 2 2 1 3 2 4 1 5 1 7 1
3017125484743 2 2 3 2 4 1 5 1 7 1
1074119230729 1 1 3 3 4 1 5 1 7 1
1443563461535 1 6 4 2 5 1 7 1
2540779872157 1 4 2 1 4 2 5 1 7 1
-10524170507400 1 2 2 2 4 2 5 1 7 1
2012569106047 2 3 4 2 5 1 7 1
-2433189870664 1 3 3 1 4 2 5 1 7 1
5306541653201 1 1 2 1 3 1 4 2 5 1 7 1
-285249864518 3 2 4 2 5 1 7 1
572448875694 1 2 4 3 5 1 7 1
-385034521004 2 1 4 3 5 1 7 1
746077084656 1 9 5 2 7 1
-2959444240376 1 7 2 1 5 2 7 1
177452081696 1 5 2 2 5 2 7 1
6431334119062 1 3 2 3 5 2 7 1
-2859450248959 1 1 2 4 5 2 7 1
967843135940 1 6 3 1 5 2 7 1
2673302778661 1 4 2 1 3 1 5 2 7 1
-7640458877697 1 2 2 2 3 1 5 2 7 1
1152646047183 2 3 3 1 5 2 7 1
-1008163118578 1 3 3 2 5 2 7 1
1826200853802 1 1 2 1 3 2 5 2 7 1
-65011436521 3 3 5 2 7 1
-336732323747 1 5 4 1 5 2 7 1
-2630763844481 1 3 2 1 4 1 5 2 7 1
3020021673953 1 1 2 2 4 1 5 2 7 1
1262493397703 1 2 3 1 4 1 5 2 7 1
-659873746708 2 1 3 1 4 1 5 2 7 1
-285550794931 1 1 4 2 5 2 7 1
-29654135985 1 4 5 3 7 1
470434839303 1 2 2 1 5 3 7 1
-127879352701 2 2 5 3 7 1
-130665007527 1 1 3 1 5 3 7 1
26585804224 4 1 5 3 7 1
-378461895926 1 13 6 1 7 1
3760087675398 1 11 2 1 6 1 7 1
-12698545115824 1 9 2 2 6 1 7 1
15024928780004 1 7 2 3 6 1 7 1
1887933609967 1 5 2 4 6 1 7 1
-12099155529035 1 3 2 5 6 1 7 1
3956315013640 1 1 2 6 6 1 7 1
-2330350199130 1 10 3 1 6 1 7 1
12421749065432 1 8 2 1 3 1 6 1 7 1
-11805776625178 1 6 2 2 3 1 6 1 7 1
-18893817663981 1 4 2 3 3 1 6 1 7 1
22523553165883 1 2 2 4 3 1 6 1 7 1
-2222690476398 2 5 3 1 6 1 7 1
-2607413978705 1 7 3 2 6 1 7 1
-159236322506 1 5 2 1 3 2 6 1 7 1
17702007036270 1 3 2 2 3 2 6 1 7 1
-10011703676603 1 1 2 3 3 2 6 1 7 1
862675223860 1 4 3 3 6 1 7 1
-4548366530509 1 2 2 1 3 3 6 1 7 1
990170572567 2 2 3 3 6 1 7 1
265582173582 1 1 3 4 6 1 7 1
1881113937418 1 9 4 1 6 1 7 1
-8279226265856 1 7 2 1 4 1 6 1 7 1
3358731114963 1 5 2 2 4 1 6 1 7 1
15573168494536 1 3 2 3 4 1 6 1 7 1
-9761407747641 1 1 2 4 4 1 6 1 7 1
2865296368009 1 6 3 1 4 1 6 1 7 1
5130415423792 1 4 2 1 3 1 4 1 6 1 7 1
-20938477065513 1 2 2 2 3 1 4 1 6 1 7 1
3950938493188 2 3 3 1 4 1 6 1 7 1
-2431397757640 1 3 3 2 4 1 6 1 7 1
5244495822932 1 1 2 1 3 2 4 1 6 1 7 1
-187087000240 3 3 4 1 6 1 7 1
-683106216955 1 5 4 2 6 1 7 1
-2951594302672 1 3 2 1 4 2 6 1 7 1
5160779546555 1 1 2 2 4 2 6 1 7 1
1710550215270 1 2 3 1 4 2 6 1 7 1
-1132616146996 2 1 3 1 4 2 6 1 7 1
-325701808116 1 1 4 3 6 1 7 1
-1133680475720 1 8 5 1 6 1 7 1
3312679270442 1 6 2 1 5 1 6 1 7 1
2544968748603 1 4 2 2 5 1 6 1 7 1
-7749566605214 1 2 2 3 5 1 6 1 7 1
1139374348643 2 4 5 1 6 1 7 1
-660398898363 1 5 3 1 5 1 6 1 7 1
-5261359071244 1 3 2 1 3 1 5 1 6 1 7 1
5964589035827 1 1 2 2 3 1 5 1 6 1 7 1
1254611155546 1 2 3 2 5 1 6 1 7 1
-648258990512 2 1 3 2 5 1 6 1 7 1
-35213505652 1 4 4 1 5 1 6 1 7 1
3807006995560 1 2 2 1 4 1 5 1 6 1 7 1
-1319507456504 2 2 4 1 5 1 6 1 7 1
-1127477919216 1 1 3 1 4 1 5 1 6 1 7 1
137396208448 4 2 5 1 6 1 7 1
186513745676 1 3 5 2 6 1 7 1
-648997866202 1 1 2 1 5 2 6 1 7 1
78135533564 3 1 5 2 6 1 7 1
424275304454 1 7 6 2 7 1
-815273789946 1 5 2 1 6 2 7 1
-1569387654204 1 3 2 2 6 2 7 1
1940096457302 1 1 2 3 6 2 7 1
-21554878218 1 4 3 1 6 2 7 1
1897012620958 1 2 2 1 3 1 6 2 7 1
-646451181592 2 2 3 1 6 2 7 1
-278434000154 1 1 3 2 6 2 7 1
170113550470 1 3 4 1 6 2 7 1
-1111222587842 1 1 2 1 4 1 6 2 7 1
134469650476 3 1 4 1 6 2 7 1
-181545657256 1 2 5 1 6 2 7 1
159095879180 2 1 5 1 6 2 7 1
43899509724 1 1 6 3 7 1
148326926415 1 12 7 2
-1286617958478 1 10 2 1 7 2
3495817698317 1 8 2 2 7 2
-2367703326140 1 6 2 3 7 2
-2483095563731 1 4 2 4 7 2
2524262298823 1 2 2 5 7 2
-215664501201 2 6 7 2
753198652616 1 9 3 1 7 2
-2987874401381 1 7 2 1 3 1 7 2
180271946217 1 5 2 2 3 1 7 2
6479994487514 1 3 2 3 3 1 7 2
-2869489786153 1 1 2 4 3 1 7 2
488527522869 1 6 3 2 7 2
1348090066525 1 4 2 1 3 2 7 2
-3843849239727 1 2 2 2 3 2 7 2
576848445585 2 3 3 2 7 2
-338697118482 1 3 3 3 7 2
611167240765 1 1 2 1 3 3 7 2
-16286589487 3 4 7 2
-574239101111 1 8 4 1 7 2
1686426241575 1 6 2 1 4 1 7 2
1267555217512 1 4 2 2 4 1 7 2
-3924461922712 1 2 2 3 4 1 7 2
580933188717 2 4 4 1 7 2
-339920719383 1 5 3 1 4 1 7 2
-2654290838549 1 3 2 1 3 1 4 1 7 2
3031851623372 1 1 2 2 3 1 4 1 7 2
635733859619 1 2 3 2 4 1 7 2
-330268720344 2 1 3 2 4 1 7 2
-6834756374 1 4 4 2 7 2
963875595411 1 2 2 1 4 2 7 2
-336776879650 2 2 4 2 7 2
-286797226490 1 1 3 1 4 2 7 2
23406235232 4 3 7 2
316036668182 1 7 5 1 7 2
-427102351290 1 5 2 1 5 1 7 2
-1432167202013 1 3 2 2 5 1 7 2
1154157724437 1 1 2 3 5 1 7 2
-90135439891 1 4 3 1 5 1 7 2
1421780113637 1 2 2 1 3 1 5 1 7 2
-383755598108 2 2 3 1 5 1 7 2
-196838319070 1 1 3 2 5 1 7 2
187506720134 1 3 4 1 5 1 7 2
-660827187880 1 1 2 1 4 1 5 1 7 2
79784173172 3 1 4 1 5 1 7 2
-69814124329 1 2 5 2 7 2
47150073764 2 1 5 2 7 2
-210420943457 1 6 6 1 7 2
16505975118 1 4 2 1 6 1 7 2
1069511294777 1 2 2 2 6 1 7 2
-257576522520 2 3 6 1 7 2
188716783654 1 3 3 1 6 1 7 2
-652048819904 1 1 2 1 3 1 6 1 7 2
39114812408 3 2 6 1 7 2
-183742239548 1 2 4 1 6 1 7 2
162764143636 2 1 4 1 6 1 7 2
78270521760 1 1 5 1 6 1 7 2
-10927553700 6 2 7 2
27342984886 1 5 7 3
66340277662 1 3 2 1 7 3
-127996892706 1 1 2 2 7 3
-46991269110 1 2 3 1 7 3
31438065984 2 1 3 1 7 3
26612564724 1 1 4 1 7 3
-4311426336 5 1 7 3
-39897837270 1 18 8 1
661318822290 1 16 2 1 8 1
-4416497573146 1 14 2 2 8 1
15079652273257 1 12 2 3 8 1
-27187694857495 1 10 2 4 8 1
22568185397415 1 8 2 5 8 1
-1532185832510 1 6 2 6 8 1
-8799188412494 1 4 2 7 8 1
3968012875214 1 2 2 8 8 1
-356104384686 2 9 8 1
-508672612156 1 15 3 1 8 1
6138586124395 1 13 2 1 3 1 8 1
-27390793505768 1 11 2 2 3 1 8 1
53248016514113 1 9 2 3 3 1 8 1
-33992627886484 1 7 2 4 3 1 8 1
-20568865214780 1 5 2 5 3 1 8 1
29314480155600 1 3 2 6 3 1 8 1
-6590312638468 1 1 2 7 3 1 8 1
-2059285726982 1 12 3 2 8 1
15620900609128 1 10 2 1 3 2 8 1
-34413263367844 1 8 2 2 3 2 8 1
7907268059827 1 6 2 3 3 2 8 1
41813580346299 1 4 2 4 3 2 8 1
-27852060608363 1 2 2 5 3 2 8 1
1974531004084 2 6 3 2 8 1
-2744851967034 1 9 3 3 8 1
7954732595404 1 7 2 1 3 3 8 1
7890195156842 1 5 2 2 3 3 8 1
-26828503138160 1 3 2 3 3 3 8 1
9135040962035 1 1 2 4 3 3 8 1
-394565484510 1 6 3 4 8 1
-3801925584105 1 4 2 1 3 4 8 1
6603229971501 1 2 2 2 3 4 8 1
-827339906927 2 3 3 4 8 1
400715262877 1 3 3 5 8 1
-546192020358 1 1 2 1 3 5 8 1
8743937967 3 6 8 1
477418248946 1 14 4 1 8 1
-5343835911719 1 12 2 1 4 1 8 1
21541655962950 1 10 2 2 4 1 8 1
-35778122280422 1 8 2 3 4 1 8 1
14606221317125 1 6 2 4 4 1 8 1
18425945829947 1 4 2 5 4 1 8 1
-14994582368253 1 2 2 6 4 1 8 1
1992126067892 2 7 4 1 8 1
3466345814281 1 11 3 1 4 1 8 1
-23114503655861 1 9 2 1 3 1 4 1 8 1
39906912097369 1 7 2 2 3 1 4 1 8 1
9243758881217 1 5 2 3 3 1 4 1 8 1
-55787877470428 1 3 2 4 3 1 4 1 8 1
21172430604547 1 1 2 5 3 1 4 1 8 1
5592635236191 1 8 3 2 4 1 8 1
-9984672682197 1 6 2 1 3 2 4 1 8 1
-26967862817078 1 4 2 2 3 2 4 1 8 1
40700972241314 1 2 2 3 3 2 4 1 8 1
-4871702005400 2 4 3 2 4 1 8 1
-173299718706 1 5 3 3 4 1 8 1
10844398878132 1 3 2 1 3 3 4 1 8 1
-8878387076979 1 1 2 2 3 3 4 1 8 1
-1022589579706 1 2 3 4 4 1 8 1
433070665562 2 1 3 4 4 1 8 1
-1461435246072 1 10 4 2 8 1
8506757540485 1 8 2 1 4 2 8 1
-11057094551236 1 6 2 2 4 2 8 1
-7829188944722 1 4 2 3 4 2 8 1
15856790441029 1 2 2 4 4 2 8 1
-3475717882503 2 5 4 2 8 1
-3677187834284 1 7 3 1 4 2 8 1
2458213625935 1 5 2 1 3 1 4 2 8 1
21630656475300 1 3 2 2 3 1 4 2 8 1
-17294181488069 1 1 2 3 3 1 4 2 8 1
1273954723100 1 4 3 2 4 2 8 1
-9426253570782 1 2 2 1 3 2 4 2 8 1
2575617744536 2 2 3 2 4 2 8 1
769443457794 1 1 3 3 4 2 8 1
792455356446 1 6 4 3 8 1
249706749142 1 4 2 1 4 3 8 1
-4641129145968 1 2 2 2 4 3 8 1
2064309164742 2 3 4 3 8 1
-922400237412 1 3 3 1 4 3 8 1
3025193006899 1 1 2 1 3 1 4 3 8 1
-162549973645 3 2 4 3 8 1
173836693889 1 2 4 4 8 1
-296620954466 2 1 4 4 8 1
-378461895926 1 13 5 1 8 1
3759522543571 1 11 2 1 5 1 8 1
-12693457706471 1 9 2 2 5 1 8 1
15010587449221 1 7 2 3 5 1 8 1
1898656840121 1 5 2 4 5 1 8 1
-12091496672440 1 3 2 5 5 1 8 1
3949062008168 1 1 2 6 5 1 8 1
-2329785067303 1 10 3 1 5 1 8 1
12414165030298 1 8 2 1 3 1 5 1 8 1
-11782738944876 1 6 2 2 3 1 5 1 8 1
-18900644759685 1 4 2 3 3 1 5 1 8 1
22496984178833 1 2 2 4 3 1 5 1 8 1
-2215437470926 2 5 3 1 5 1 8 1
-2604917352924 1 7 3 2 5 1 8 1
-168541151676 1 5 2 1 3 2 5 1 8 1
17692742548732 1 3 2 2 3 2 5 1 8 1
-9989852611519 1 1 2 3 3 2 5 1 8 1
863283703511 1 4 3 3 5 1 8 1
-4542441254064 1 2 2 1 3 3 5 1 8 1
987229637938 2 2 3 3 5 1 8 1
265025250225 1 1 3 4 5 1 8 1
1880559346836 1 9 4 1 5 1 8 1
-8272986027319 1 7 2 1 4 1 5 1 8 1
3345014414914 1 5 2 2 4 1 5 1 8 1
15567313271974 1 3 2 3 4 1 5 1 8 1
-9743404010800 1 1 2 4 4 1 5 1 8 1
2861350299363 1 6 3 1 4 1 5 1 8 1
5139051685604 1 4 2 1 3 1 4 1 5 1 8 1
-20916830669448 1 2 2 2 3 1 4 1 5 1 8 1
3937449398724 2 3 3 1 4 1 5 1 8 1
-2431003711060 1 3 3 2 4 1 5 1 8 1
5232779225653 1 1 2 1 3 2 4 1 5 1 8 1
-186509628411 3 3 4 1 5 1 8 1
-681734117915 1 5 4 2 5 1 8 1
-2951860848430 1 3 2 1 4 2 5 1 8 1
5151235489072 1 1 2 2 4 2 5 1 8 1
1709159265936 1 2 3 1 4 2 5 1 8 1
-1128574720741 2 1 3 1 4 2 5 1 8 1
-325099947290 1 1 4 3 5 1 8 1
-566562942569 1 8 5 2 8 1
1653973763934 1 6 2 1 5 2 8 1
1275539341585 1 4 2 2 5 2 8 1
-3871003650645 1 2 2 3 5 2 8 1
567429853133 2 4 5 2 8 1
-328980662840 1 5 3 1 5 2 8 1
-2630631634718 1 3 2 1 3 1 5 2 8 1
2975093203688 1 1 2 2 3 1 5 2 8 1
626545905414 1 2 3 2 5 2 8 1
-323033807019 2 1 3 2 5 2 8 1
-18410064902 1 4 4 1 5 2 8 1
1902217936907 1 2 2 1 4 1 5 2 8 1
-657002412638 2 2 4 1 5 2 8 1
-562343078407 1 1 3 1 4 1 5 2 8 1
68397173811 4 2 5 2 8 1
62249423596 1 3 5 3 8 1
-215752162473 1 1 2 1 5 3 8 1
25943669739 3 1 5 3 8 1
351519621476 1 12 6 1 8 1
-3187776439981 1 10 2 1 6 1 8 1
9410881740837 1 8 2 2 6 1 8 1
-8463166414825 1 6 2 3 6 1 8 1
-3917668410402 1 4 2 4 6 1 8 1
6934490473167 1 2 2 5 6 1 8 1
-1302295534840 2 6 6 1 8 1
1877750533790 1 9 3 1 6 1 8 1
-8242008197005 1 7 2 1 3 1 6 1 8 1
3277785273397 1 5 2 2 3 1 6 1 8 1
15538201536342 1 3 2 3 3 1 6 1 8 1
-9656575732373 1 1 2 4 3 1 6 1 8 1
1420943406381 1 6 3 2 6 1 8 1
2590383038686 1 4 2 1 3 2 6 1 8 1
-10404902134665 1 2 2 2 3 2 6 1 8 1
1936556574544 2 3 3 2 6 1 8 1
-809647308200 1 3 3 3 6 1 8 1
1725225150929 1 1 2 1 3 3 6 1 8 1
-45921994368 3 4 6 1 8 1
-1519276840198 1 8 4 1 6 1 8 1
5419244370326 1 6 2 1 4 1 6 1 8 1
397699902234 1 4 2 2 4 1 6 1 8 1
-10150564770143 1 2 2 3 4 1 6 1 8 1
3509228528376 2 4 4 1 6 1 8 1
-1350044822876 1 5 3 1 4 1 6 1 8 1
-5906153009101 1 3 2 1 3 1 4 1 6 1 8 1
10210278882229 1 1 2 2 3 1 4 1 6 1 8 1
1702247997161 1 2 3 2 4 1 6 1 8 1
-1109206097020 2 1 3 2 4 1 6 1 8 1
270122391947 1 4 4 2 6 1 8 1
2272519848289 1 2 2 1 4 2 6 1 8 1
-2035102183755 2 2 4 2 6 1 8 1
-966576731578 1 1 3 1 4 2 6 1 8 1
141493129204 4 3 6 1 8 1
848119886850 1 7 5 1 6 1 8 1
-1627614866613 1 5 2 1 5 1 6 1 8 1
-3139383239785 1 3 2 2 5 1 6 1 8 1
3873113149088 1 1 2 3 5 1 6 1 8 1
-44504197952 1 4 3 1 5 1 6 1 8 1
3791330881409 1 2 2 1 3 1 5 1 6 1 8 1
-1288150038899 2 2 3 1 5 1 6 1 8 1
-555586092870 1 1 3 2 5 1 6 1 8 1
340728759230 1 3 4 1 5 1 6 1 8 1
-2218412194040 1 1 2 1 4 1 5 1 6 1 8 1
267906787896 3 1 4 1 5 1 6 1 8 1
-181550862685 1 2 5 2 6 1 8 1
158370426750 2 1 5 2 6 1 8 1
-318228857671 1 6 6 2 8 1
351684616824 1 4 2 1 6 2 8 1
1235881526137 1 2 2 2 6 2 8 1
-778492230670 2 3 6 2 8 1
171590747168 1 3 3 1 6 2 8 1
-1099434953318 1 1 2 1 3 1 6 2 8 1
65734724862 3 2 6 2 8 1
-178121836682 1 2 4 1 6 2 8 1
492128770914 2 1 4 1 6 2 8 1
131469449724 1 1 5 1 6 2 8 1
-22044402324 6 3 8 1
-269711578380 1 11 7 1 8 1
2092241840241 1 9 2 1 7 1 8 1
-4710274054892 1 7 2 2 7 1 8 1
1499353714298 1 5 2 3 7 1 8 1
4226902254763 1 3 2 4 7 1 8 1
-2215437470926 1 1 2 5 7 1 8 1
-1145114798594 1 8 3 1 7 1 8 1
3344248457552 1 6 2 1 3 1 7 1 8 1
2572188344430 1 4 2 2 3 1 7 1 8 1
-7803781029685 1 2 2 3 3 1 7 1 8 1
1134859706266 2 4 3 1 7 1 8 1
-332522963386 1 5 3 2 7 1 8 1
-2654180008298 1 3 2 1 3 2 7 1 8 1
2988497493562 1 1 2 2 3 2 7 1 8 1
420769168092 1 2 3 3 7 1 8 1
-215752162473 2 1 3 3 7 1 8 1
860539522364 1 7 4 1 7 1 8 1
-1665783035933 1 5 2 1 4 1 7 1 8 1
-3160056515490 1 3 2 2 4 1 7 1 8 1
3937449398724 1 1 2 3 4 1 7 1 8 1
-37090628987 1 4 3 1 4 1 7 1 8 1
3840367112723 1 2 2 1 3 1 4 1 7 1 8 1
-1314004825276 2 2 3 1 4 1 7 1 8 1
-565157271581 1 1 3 2 4 1 7 1 8 1
170272350348 1 3 4 2 7 1 8 1
-1128574720741 1 1 2 1 4 2 7 1 8 1
136794347622 3 1 4 2 7 1 8 1
-420411164856 1 6 5 1 7 1 8 1
31019120756 1 4 2 1 5 1 7 1 8 1
2138000195141 1 2 2 2 5 1 7 1 8 1
-512825603809 2 3 5 1 7 1 8 1
377888125025 1 3 3 1 5 1 7 1 8 1
-1300764569623 1 1 2 1 3 1 5 1 7 1 8 1
77939333490 3 2 5 1 7 1 8 1
-367529998534 1 2 4 1 5 1 7 1 8 1
323978723544 2 1 4 1 5 1 7 1 8 1
78047657763 1 1 5 2 7 1 8 1
265181715606 1 5 6 1 7 1 8 1
340880579551 1 3 2 1 6 1 7 1 8 1
-1288150038899 1 1 2 2 6 1 7 1 8 1
-367623885824 1 2 3 1 6 1 7 1 8 1
316740853500 2 1 3 1 6 1 7 1 8 1
267906787896 1 1 4 1 6 1 7 1 8 1
-43481135352 5 1 6 1 7 1 8 1
-32415230133 1 4 7 2 8 1
-206695836957 1 2 2 1 7 2 8 1
96558826722 2 2 7 2 8 1
78499904202 1 1 3 1 7 2 8 1
-22301138388 4 1 7 2 8 1
123540696345 1 10 8 2
-854126600013 1 8 2 1 8 2
1572425088495 1 6 2 2 8 2
-22574378222 1 4 2 3 8 2
-1402077717285 1 2 2 4 8 2
405493584192 2 5 8 2
429005337558 1 7 3 1 8 2
-824202544994 1 5 2 1 3 1 8 2
-1581903090353 1 3 2 2 3 1 8 2
1947826189508 1 1 2 3 3 1 8 2
-11357529774 1 4 3 2 8 2
956096366252 1 2 2 1 3 2 8 2
-321473864037 2 2 3 2 8 2
-92913588843 1 1 3 3 8 2
-323389612833 1 6 4 1 8 2
363122907691 1 4 2 1 4 1 8 2
1247612818157 1 2 2 2 4 1 8 2
-792052857625 2 3 4 1 8 2
171779664442 1 3 3 1 4 1 8 2
-1116671408775 1 1 2 1 3 1 4 1 8 2
66861594831 3 2 4 1 8 2
-89649462741 1 2 4 2 8 2
250615653735 2 1 4 2 8 2
132450381094 1 5 5 1 8 2
170749352931 1 3 2 1 5 1 8 2
-642947728074 1 1 2 2 5 1 8 2
-183797174934 1 2 3 1 5 1 8 2
157738188099 2 1 3 1 5 1 8 2
133723189662 1 1 4 1 5 1 8 2
-10815364599 5 2 8 2
-82836656569 1 4 6 1 8 2
-189703133334 1 2 2 1 6 1 8 2
292091886531 2 2 6 1 8 2
132602048238 1 1 3 1 6 1 8 2
-67490183688 4 1 6 1 8 2
2030002752 1 3 7 1 8 2
157738188099 1 1 2 1 7 1 8 2
-21630729198 3 1 7 1 8 2
3042242495 1 2 8 3
-27260534698 2 1 8 3
35569480380 1 17 9 1
-547838917890 1 15 2 1 9 1
3329824724977 1 13 2 2 9 1
-10002191416344 1 11 2 3 9 1
14810364296405 1 9 2 4 9 1
-7905200854460 1 7 2 5 9 1
-3473016372794 1 5 2 6 9 1
4595380604512 1 3 2 7 9 1
-931646879964 1 1 2 8 9 1
413747711587 1 14 3 1 9 1
-4491136596225 1 12 2 1 3 1 9 1
17236786561013 1 10 2 2 3 1 9 1
-25877758879273 1 8 2 3 3 1 9 1
5466035784166 1 6 2 4 3 1 9 1
17971845884048 1 4 2 5 3 1 9 1
-10373247337363 1 2 2 6 3 1 9 1
649124562408 2 7 3 1 9 1
1451890437601 1 11 3 2 9 1
-9169371243276 1 9 2 1 3 2 9 1
13791043978591 1 7 2 2 3 2 9 1
7804209366328 1 5 2 3 3 2 9 1
-22161879013639 1 3 2 4 3 2 9 1
6232948844973 1 1 2 5 3 2 9 1
1460443086740 1 8 3 3 9 1
-1977145115450 1 6 2 1 3 3 9 1
-8159051873213 1 4 2 2 3 3 9 1
9881272530944 1 2 2 3 3 3 9 1
-953979328927 2 4 3 3 9 1
-105117081561 1 5 3 4 9 1
2211764679703 1 3 2 1 3 4 9 1
-1558258765842 1 1 2 2 3 4 9 1
-159634706225 1 2 3 5 9 1
60657726994 2 1 3 5 9 1
-382493348377 1 13 4 1 9 1
3804571569268 1 11 2 1 4 1 9 1
-12870882760667 1 9 2 2 4 1 9 1
15285679750029 1 7 2 3 4 1 9 1
1818766238902 1 5 2 4 4 1 9 1
-12234075499296 1 3 2 5 4 1 9 1
4019172563848 1 1 2 6 4 1 9 1
-2359740421238 1 10 3 1 4 1 9 1
12606586140595 1 8 2 1 3 1 4 1 9 1
-12078809810642 1 6 2 2 3 1 4 1 9 1
-19020551926447 1 4 2 3 3 1 4 1 9 1
22836618705425 1 2 2 4 3 1 4 1 9 1
-2262153357815 2 5 3 1 4 1 9 1
-2651316069275 1 7 3 2 4 1 9 1
-105309806575 1 5 2 1 3 2 4 1 9 1
17906506445932 1 3 2 2 3 2 4 1 9 1
-10173275179824 1 1 2 3 3 2 4 1 9 1
867771419232 1 4 3 3 4 1 9 1
-4613098651961 1 2 2 1 3 3 4 1 9 1
1007639287721 2 2 3 3 4 1 9 1
269899447353 1 1 3 4 4 1 9 1
953508562988 1 9 4 2 9 1
-4209359831781 1 7 2 1 4 2 9 1
1748835439816 1 5 2 2 4 2 9 1
7868309464068 1 3 2 3 4 2 9 1
-4962503147714 1 1 2 4 4 2 9 1
1461504664534 1 6 3 1 4 2 9 1
2566295786155 1 4 2 1 3 1 4 2 9 1
-10619161355262 1 2 2 2 3 1 4 2 9 1
2012569106047 2 3 3 1 4 2 9 1
-1229085778432 1 3 3 2 4 2 9 1
2666836178149 1 1 2 1 3 2 4 2 9 1
-95283908448 3 3 4 2 9 1
-233682473318 1 5 4 3 9 1
-992364082410 1 3 2 1 4 3 9 1
1750672905118 1 1 2 2 4 3 9 1
578520440778 1 2 3 1 4 3 9 1
-385034521004 2 1 3 1 4 3 9 1
-82943343300 1 1 4 4 9 1
297218984657 1 12 5 1 9 1
-2578323326309 1 10 2 1 5 1 9 1
7005976727417 1 8 2 2 5 1 9 1
-4746129882434 1 6 2 3 5 1 9 1
-4973849984057 1 4 2 4 5 1 9 1
5055777603118 1 2 2 5 5 1 9 1
-431329002402 2 6 5 1 9 1
1509448521595 1 9 3 1 5 1 9 1
-5988188765037 1 7 2 1 3 1 5 1 9 1
362733582157 1 5 2 2 3 1 5 1 9 1
12980499223234 1 3 2 3 3 1 5 1 9 1
-5743955047950 1 1 2 4 3 1 5 1 9 1
979112968254 1 6 3 2 5 1 9 1
2700694585861 1 4 2 1 3 2 5 1 9 1
-7698048875514 1 2 2 2 3 2 5 1 9 1
1154157724437 2 3 3 2 5 1 9 1
-678496692560 1 3 3 3 5 1 9 1
1223512325629 1 1 2 1 3 3 5 1 9 1
-32593627446 3 4 5 1 9 1
-1150974828003 1 8 4 1 5 1 9 1
3380483359026 1 6 2 1 4 1 5 1 9 1
2539365539835 1 4 2 2 4 1 5 1 9 1
-7861952106621 1 2 2 3 4 1 5 1 9 1
1161866377434 2 4 4 1 5 1 9 1
-681365023465 1 5 3 1 4 1 5 1 9 1
-5318278991723 1 3 2 1 3 1 4 1 5 1 9 1
6069495625164 1 1 2 2 3 1 4 1 5 1 9 1
1273397622489 1 2 3 2 4 1 5 1 9 1
-660827187880 2 1 3 2 4 1 5 1 9 1
-13687482188 1 4 4 2 5 1 9 1
1931502869885 1 2 2 1 4 2 5 1 9 1
-673553759300 2 2 4 2 5 1 9 1
-574196313806 1 1 3 1 4 2 5 1 9 1
46812470464 4 3 5 1 9 1
316746094120 1 7 5 2 9 1
-428048026305 1 5 2 1 5 2 9 1
-1434928602322 1 3 2 2 5 2 9 1
1155208568424 1 1 2 3 5 2 9 1
-90340599638 1 4 3 1 5 2 9 1
1424020333831 1 2 2 1 3 1 5 2 9 1
-383873138113 2 2 3 1 5 2 9 1
-197040897941 1 1 3 2 5 2 9 1
187953772054 1 3 4 1 5 2 9 1
-661490881860 1 1 2 1 4 1 5 2 9 1
79810933672 3 1 4 1 5 2 9 1
-46633113923 1 2 5 3 9 1
31438065984 2 1 5 3 9 1
-270276710207 1 11 6 1 9 1
2097329249594 1 9 2 1 6 1 9 1
-4724615385675 1 7 2 2 6 1 9 1
1510076944452 1 5 2 3 6 1 9 1
4234561111358 1 3 2 4 6 1 9 1
-2222690476398 1 1 2 5 6 1 9 1
-1148166014957 1 8 3 1 6 1 9 1
3356611076002 1 6 2 1 3 1 6 1 9 1
2570333514674 1 4 2 2 3 1 6 1 9 1
-7824368594806 1 2 2 3 3 1 6 1 9 1
1139374348643 2 4 3 1 6 1 9 1
-334503542077 1 5 3 2 6 1 9 1
-2659076711380 1 3 2 1 3 2 6 1 9 1
2998594562401 1 1 2 2 3 2 6 1 9 1
421919013992 1 2 3 3 6 1 9 1
-216578913964 2 1 3 3 6 1 9 1
863113491970 1 7 4 1 6 1 9 1
-1673748771776 1 5 2 1 4 1 6 1 9 1
-3164234303386 1 3 2 2 4 1 6 1 9 1
3950938493188 1 1 2 3 4 1 6 1 9 1
-35519653984 1 4 3 1 4 1 6 1 9 1
3850442461788 1 2 2 1 3 1 4 1 6 1 9 1
-1319507456504 2 2 3 1 4 1 6 1 9 1
-567155013608 1 1 3 2 4 1 6 1 9 1
170242929484 1 3 4 2 6 1 9 1
-1132616146996 1 1 2 1 4 2 6 1 9 1
137396208448 3 1 4 2 6 1 9 1
-421907360557 1 6 5 1 6 1 9 1
33183496058 1 4 2 1 5 1 6 1 9 1
2143539833829 1 2 2 2 5 1 6 1 9 1
-515153045040 2 3 5 1 6 1 9 1
378312888910 1 3 3 1 5 1 6 1 9 1
-1305575391188 1 1 2 1 3 1 5 1 6 1 9 1
78270521760 3 2 5 1 6 1 9 1
-368422574208 1 2 4 1 5 1 6 1 9 1
325528287272 2 1 4 1 5 1 6 1 9 1
78364613012 1 1 5 2 6 1 9 1
133154511972 1 5 6 2 9 1
170307439372 1 3 2 1 6 2 9 1
-646451181592 1 1 2 2 6 2 9 1
-184275881616 1 2 3 1 6 2 9 1
159095879180 2 1 3 1 6 2 9 1
134469650476 1 1 4 1 6 2 9 1
-21855107400 5 1 6 2 9 1
201589737195 1 10 7 1 9 1
-1296056305059 1 8 2 1 7 1 9 1
1978841000931 1 6 2 2 7 1 9 1
825801443234 1 4 2 3 7 1 9 1
-2202441956529 1 2 2 4 7 1 9 1
269590596276 2 5 7 1 9 1
640473679596 1 7 3 1 7 1 9 1
-865266960058 1 5 2 1 3 1 7 1 9 1
-2897228662213 1 3 2 2 3 1 7 1 9 1
2320280534326 1 1 2 3 3 1 7 1 9 1
-91411577607 1 4 3 2 7 1 9 1
1434999208084 1 2 2 1 3 2 7 1 9 1
-384288452793 2 2 3 2 7 1 9 1
-131989592737 1 1 3 3 7 1 9 1
-429319573971 1 6 4 1 7 1 9 1
43940689724 1 4 2 1 4 1 7 1 9 1
2170905607615 1 2 2 2 4 1 7 1 9 1
-526513254389 2 3 4 1 7 1 9 1
380406830393 1 3 3 1 4 1 7 1 9 1
-1329296389453 1 1 2 1 3 1 4 1 7 1 9 1
79906053185 3 2 4 1 7 1 9 1
-186428639224 1 2 4 2 7 1 9 1
166570342105 2 1 4 2 7 1 9 1
164464452578 1 5 5 1 7 1 9 1
399069744168 1 3 2 1 5 1 7 1 9 1
-768811985596 1 1 2 2 5 1 7 1 9 1
-282508419497 1 2 3 1 5 1 7 1 9 1
188689949401 2 1 3 1 5 1 7 1 9 1
159865627370 1 1 4 1 5 1 7 1 9 1
-12935793213 5 2 7 1 9 1
-65298838223 1 4 6 1 7 1 9 1
-414352396656 1 2 2 1 6 1 7 1 9 1
194107758893 2 2 6 1 7 1 9 1
157635968578 1 1 3 1 6 1 7 1 9 1
-44843008392 4 1 6 1 7 1 9 1
-9221974149 1 3 7 2 9 1
94389801873 1 1 2 1 7 2 9 1
-12937307418 3 1 7 2 9 1
-178959551505 1 9 8 1 9 1
985488835449 1 7 2 1 8 1 9 1
-1021059672406 1 5 2 2 8 1 9 1
-1123288045874 1 3 2 3 8 1 9 1
1134859706266 1 1 2 4 8 1 9 1
-426790726723 1 6 3 1 8 1 9 1
32122420543 1 4 2 1 3 1 8 1 9 1
2164808774889 1 2 2 2 3 1 8 1 9 1
-512825603809 2 3 3 1 8 1 9 1
191593321869 1 3 3 2 8 1 9 1
-654696955585 1 1 2 1 3 2 8 1 9 1
26051994012 3 3 8 1 9 1
271623112168 1 5 4 1 8 1 9 1
339870549318 1 3 2 1 4 1 8 1 9 1
-1314004825276 1 1 2 2 4 1 8 1 9 1
-373158384882 1 2 3 1 4 1 8 1 9 1
323978723544 2 1 3 1 4 1 8 1 9 1
136794347622 1 1 4 2 8 1 9 1
-65017884805 1 4 5 1 8 1 9 1
-414580547295 1 2 2 1 5 1 8 1 9 1
193117653444 2 2 5 1 8 1 9 1
157216456950 1 1 3 1 5 1 8 1 9 1
-44602276776 4 1 5 1 8 1 9 1
4274229574 1 3 6 1 8 1 9 1
316740853500 1 1 2 1 6 1 8 1 9 1
-43481135352 3 1 6 1 8 1 9 1
40730609241 1 2 7 1 8 1 9 1
-54325854807 2 1 7 1 8 1 9 1
-21630729198 1 1 8 2 9 1
61926724710 1 8 9 2
-251547033021 1 6 2 1 9 2
35489148523 1 4 2 2 9 2
407960593574 1 2 2 3 9 2
-77642583255 2 4 9 2
83465238415 1 5 3 1 9 2
202624950671 1 3 2 1 3 1 9 2
-386861655360 1 1 2 2 3 1 9 2
-71471784859 1 2 3 2 9 2
47251173507 2 1 3 2 9 2
-33913348585 1 4 4 1 9 2
-210190102088 1 2 2 1 4 1 9 2
99462684488 2 2 4 1 9 2
80502524827 1 1 3 1 4 1 9 2
-11505677989 4 2 9 2
-9264471249 1 3 5 1 9 2
94516397438 1 1 2 1 5 1 9 2
-12942413073 3 1 5 1 9 2
20394401955 1 2 6 1 9 2
-27320705069 2 1 6 1 9 2
-12945441483 1 1 7 1 9 2
4319560401 8 1 9 2
-35569480380 1 16 10 1
516584554680 1 14 2 1 10 1
-2913536408227 1 12 2 2 10 1
7912576417097 1 10 2 3 10 1
-10033927769185 1 8 2 4 10 1
3529381734322 1 6 2 5 10 1
3228753828082 1 4 2 6 10 1
-2366979489605 1 2 2 7 10 1
282522317556 2 8 10 1
-382493348377 1 13 3 1 10 1
3801084535718 1 11 2 1 3 1 10 1
-12839470031865 1 9 2 2 3 1 10 1
15197088610262 1 7 2 3 3 1 10 1
1885025997638 1 5 2 4 3 1 10 1
-12186955431270 1 3 2 5 3 1 10 1
3974734206787 1 1 2 6 3 1 10 1
-1178126693844 1 10 3 2 10 1
6279822537387 1 8 2 1 3 2 10 1
-5967970428677 1 6 2 2 3 2 10 1
-9531565258341 1 4 2 3 3 2 10 1
11336206938286 1 2 2 4 3 2 10 1
-1108857500377 2 5 3 2 10 1
-878595910752 1 7 3 3 10 1
-54494243584 1 5 2 1 3 3 10 1
5949794083950 1 3 2 2 3 3 10 1
-3345958167960 1 1 2 3 3 3 10 1
217916632472 1 4 3 4 10 1
-1144038590313 1 2 2 1 3 4 10 1
247330843151 2 2 3 4 10 1
53279636445 1 1 3 5 10 1
355551073927 1 12 4 1 10 1
-3228773300301 1 10 2 1 4 1 10 1
9552361247460 1 8 2 2 4 1 10 1
-8639069857839 1 6 2 3 4 1 10 1
-3908674973900 1 4 2 4 4 1 10 1
7023890493153 1 2 2 5 4 1 10 1
-1325690203631 2 6 4 1 10 1
1903653722348 1 9 3 1 4 1 10 1
-8380458796929 1 7 2 1 3 1 4 1 10 1
3413065217369 1 5 2 2 3 1 4 1 10 1
15700909524560 1 3 2 3 3 1 4 1 10 1
-9814523339159 1 1 2 4 3 1 4 1 10 1
1449317159932 1 6 3 2 4 1 10 1
2593257347892 1 4 2 1 3 2 4 1 10 1
-10552351232478 1 2 2 2 3 2 4 1 10 1
1971061380130 2 3 3 2 4 1 10 1
-818638614228 1 3 3 3 4 1 10 1
1753605904215 1 1 2 1 3 3 4 1 10 1
-46738003011 3 4 4 1 10 1
-771185607855 1 8 4 2 10 1
2762364290019 1 6 2 1 4 2 10 1
166852888506 1 4 2 2 4 2 10 1
-5139553850125 1 2 2 3 4 2 10 1
1788067664233 2 4 4 2 10 1
-692631469827 1 5 3 1 4 2 10 1
-2978922259329 1 3 2 1 3 1 4 2 10 1
5193395035642 1 1 2 2 3 1 4 2 10 1
863522240633 1 2 3 2 4 2 10 1
-565053701913 2 1 3 2 4 2 10 1
93693859518 1 4 4 3 10 1
766384870427 1 2 2 1 4 3 10 1
-692084624814 2 2 4 3 10 1
-328076788430 1 1 3 1 4 3 10 1
36130872836 4 4 10 1
-270276710207 1 11 5 1 10 1
2096774659012 1 9 2 1 5 1 10 1
-4720871772919 1 7 2 2 5 1 10 1
1503991120279 1 5 2 3 5 1 10 1
4232960993607 1 3 2 4 5 1 10 1
-2217715000754 1 1 2 5 5 1 10 1
-1147611424375 1 8 3 1 5 1 10 1
3351495364206 1 6 2 1 3 1 5 1 10 1
2576938379157 1 4 2 2 3 1 5 1 10 1
-7815281698709 1 2 2 3 3 1 5 1 10 1
1134398872999 2 4 3 1 5 1 10 1
-333131443037 1 5 3 2 5 1 10 1
-2659002829147 1 3 2 1 3 2 5 1 10 1
2990260584092 1 1 2 2 3 2 5 1 10 1
421326091449 1 2 3 3 5 1 10 1
-215731714001 2 1 3 3 5 1 10 1
862605426087 1 7 4 1 5 1 10 1
-1670174573133 1 5 2 1 4 1 5 1 10 1
-3165032521054 1 3 2 2 4 1 5 1 10 1
3942122760260 1 1 2 3 4 1 5 1 10 1
-37268111201 1 4 3 1 4 1 5 1 10 1
3847223903037 1 2 2 1 3 1 4 1 5 1 10 1
-1313479998074 2 2 3 1 4 1 5 1 10 1
-565546134214 1 1 3 2 4 1 5 1 10 1
170557452966 1 3 4 2 5 1 10 1
-1130107403826 1 1 2 1 4 2 5 1 10 1
136740826622 3 1 4 2 5 1 10 1
-210699647337 1 6 5 2 10 1
15404353019 1 4 2 1 5 2 10 1
1071132490694 1 2 2 2 5 2 10 1
-256182385271 2 3 5 2 10 1
189430968752 1 3 3 1 5 2 10 1
-650770502490 1 1 2 1 3 1 5 2 10 1
38959442509 3 2 5 2 10 1
-184233560649 1 2 4 1 5 2 10 1
161837462964 2 1 4 1 5 2 10 1
26031545540 1 1 5 3 10 1
247646524517 1 10 6 1 10 1
-1712786018797 1 8 2 1 6 1 10 1
3155525238842 1 6 2 2 6 1 10 1
-50121022392 1 4 2 3 6 1 10 1
-2810136856499 1 2 2 4 6 1 10 1
813725531479 2 5 6 1 10 1
860507300897 1 7 3 1 6 1 10 1
-1655729340467 1 5 2 1 3 1 6 1 10 1
-3168173965162 1 3 2 2 3 1 6 1 10 1
3907406375261 1 1 2 3 3 1 6 1 10 1
-22106579897 1 4 3 2 6 1 10 1
1916968163049 1 2 2 1 3 2 6 1 10 1
-645061911212 2 2 3 2 6 1 10 1
-186384101043 1 1 3 3 6 1 10 1
-648922473214 1 6 4 1 6 1 10 1
731034047244 1 4 2 1 4 1 6 1 10 1
2499982779674 1 2 2 2 4 1 6 1 10 1
-1589764737255 2 3 4 1 6 1 10 1
343627586099 1 3 3 1 4 1 6 1 10 1
-2240442227711 1 1 2 1 3 1 4 1 6 1 10 1
134186021767 3 2 4 1 6 1 10 1
-179531672602 1 2 4 2 6 1 10 1
503121309171 2 1 4 2 6 1 10 1
265966235831 1 5 5 1 6 1 10 1
341374260613 1 3 2 1 5 1 6 1 10 1
-1290123822424 1 1 2 2 5 1 6 1 10 1
-368520772043 1 2 3 1 5 1 6 1 10 1
316624352635 2 1 3 1 5 1 6 1 10 1
268372043534 1 1 4 1 5 1 6 1 10 1
-21718604999 5 2 6 1 10 1
-83259834029 1 4 6 2 10 1
-189891979204 1 2 2 1 6 2 10 1
293247543519 2 2 6 2 10 1
133063852082 1 1 3 1 6 2 10 1
-67771534684 4 1 6 2 10 1
-178959551505 1 9 7 1 10 1
985411491624 1 7 2 1 7 1 10 1
-1020724812439 1 5 2 2 7 1 10 1
-1123365362789 1 3 2 3 7 1 10 1
1134398872999 1 1 2 4 7 1 10 1
-426713382898 1 6 3 1 7 1 10 1
31740170272 1 4 2 1 3 1 7 1 10 1
2164555447668 1 2 2 2 3 1 7 1 10 1
-512364770542 2 3 3 1 7 1 10 1
191640712173 1 3 3 2 7 1 10 1
-654345862977 1 1 2 1 3 2 7 1 10 1
26031545540 3 3 7 1 10 1
271561277473 1 5 4 1 7 1 10 1
340012094607 1 3 2 1 4 1 7 1 10 1
-1313479998074 1 1 2 2 4 1 7 1 10 1
-373157219380 1 2 3 1 4 1 7 1 10 1
323674925928 2 1 3 1 4 1 7 1 10 1
136740826622 1 1 4 2 7 1 10 1
-64956050110 1 4 5 1 7 1 10 1
-414628840142 1 2 2 1 5 1 7 1 10 1
192896623858 2 2 5 1 7 1 10 1
157122039006 1 1 3 1 5 1 7 1 10 1
-44548755776 4 1 5 1 7 1 10 1
4247430043 1 3 6 1 7 1 10 1
316624352635 1 1 2 1 6 1 7 1 10 1
-43437209998 3 1 6 1 7 1 10 1
20378704386 1 2 7 2 10 1
-27126639648 2 1 7 2 10 1
160644482985 1 8 8 1 10 1
-754625330754 1 6 2 1 8 1 10 1
485793436343 1 4 2 2 8 1 10 1
911949415405 1 2 2 3 8 1 10 1
-466748935947 2 4 8 1 10 1
269915138324 1 5 3 1 8 1 10 1
343737808804 1 3 2 1 3 1 8 1 10 1
-1300117162596 1 1 2 2 3 1 8 1 10 1
-186513772875 1 2 3 2 8 1 10 1
158059902991 2 1 3 2 8 1 10 1
-170749523969 1 4 4 1 8 1 10 1
-381626047425 1 2 2 1 4 1 8 1 10 1
597983079312 2 2 4 1 8 1 10 1
270760680964 1 1 3 1 4 1 8 1 10 1
-69180714868 4 2 8 1 10 1
4129873110 1 3 5 1 8 1 10 1
316119805982 1 1 2 1 5 1 8 1 10 1
-43248218676 3 1 5 1 8 1 10 1
18156787833 1 2 6 1 8 1 10 1
-164292453203 2 1 6 1 8 1 10 1
-43248218676 1 1 7 1 8 1 10 1
12991608396 8 2 10 1
-105538380900 1 7 9 1 10 1
328294396242 1 5 2 1 9 1 10 1
163618236180 1 3 2 2 9 1 10 1
-512364770542 1 1 2 3 9 1 10 1
-66118723326 1 4 3 1 9 1 10 1
-421779561116 1 2 2 1 3 1 9 1 10 1
192896623858 2 2 3 1 9 1 10 1
79203153988 1 1 3 2 9 1 10 1
5436902790 1 3 4 1 9 1 10 1
323674925928 1 1 2 1 4 1 9 1 10 1
-44548755776 3 1 4 1 9 1 10 1
40933160374 1 2 5 1 9 1 10 1
-54253279296 2 1 5 1 9 1 10 1
-43437209998 1 1 6 1 9 1 10 1
8625881082 7 1 9 1 10 1
45775834635 1 6 10 2
-108047502411 1 4 2 1 10 2
-99628350484 1 2 2 2 10 2
119826177705 2 3 10 2
2354166075 1 3 3 1 10 2
160282971571 1 1 2 1 3 1 10 2
-10841699323 3 2 10 2
8775764631 1 2 4 1 10 2
-84346293629 2 1 4 1 10 2
-21683398646 1 1 5 1 10 2
13057517564 6 1 10 2
31254363210 1 15 11 1
-416288316750 1 13 2 1 11 1
2089614999247 1 11 2 2 11 1
-4776436527220 1 9 2 3 11 1
4375819120138 1 7 2 4 11 1
244262544712 1 5 2 5 11 1
-2228401114907 1 3 2 6 11 1
649124562408 1 1 2 7 11 1
300706018207 1 12 3 1 11 1
-2609736055111 1 10 2 1 3 1 11 1
7094567867184 1 8 2 2 3 1 11 1
-4812389641170 1 6 2 3 3 1 11 1
-5020970052083 1 4 2 4 3 1 11 1
5100215960179 1 2 2 5 3 1 11 1
-431329002402 2 6 3 1 11 1
764170131121 1 9 3 2 11 1
-3032599554086 1 7 2 1 3 2 11 1
188033224831 1 5 2 2 3 2 11 1
6553593088092 1 3 2 3 3 2 11 1
-2886992536813 1 1 2 4 3 2 11 1
330618250365 1 6 3 3 11 1
909636716091 1 4 2 1 3 3 11 1
-2587189420296 1 2 2 2 3 3 11 1
385573415226 2 3 3 3 11 1
-171339426479 1 3 3 4 11 1
307639035074 1 1 2 1 3 4 11 1
-6541633434 3 5 11 1
-273763743757 1 11 4 1 11 1
2128187387814 1 9 2 1 4 1 11 1
-4809462912686 1 7 2 2 4 1 11 1
1570250879015 1 5 2 3 4 1 11 1
4280081061633 1 3 2 4 4 1 11 1
-2262153357815 1 1 2 5 4 1 11 1
-1166503165022 1 8 3 1 4 1 11 1
3428074985283 1 6 2 1 3 1 4 1 11 1
2565472751288 1 4 2 2 3 1 4 1 11 1
-7942405037214 1 2 2 3 3 1 4 1 11 1
1161866377434 2 4 3 1 4 1 11 1
-345442503820 1 5 3 2 4 1 11 1
-2689352764373 1 3 2 1 3 2 4 1 11 1
3052370140421 1 1 2 2 3 2 4 1 11 1
428454237983 1 2 3 3 4 1 11 1
-220814774344 2 1 3 3 4 1 11 1
439282242582 1 7 4 2 11 1
-859816719513 1 5 2 1 4 2 11 1
-1595351673476 1 3 2 2 4 2 11 1
2012569106047 1 1 2 3 4 2 11 1
-13740496924 1 4 3 1 4 2 11 1
1954881893919 1 2 2 1 3 1 4 2 11 1
-673553759300 2 2 3 1 4 2 11 1
-288946449288 1 1 3 2 4 2 11 1
56781111508 1 3 4 3 11 1
-385034521004 1 1 2 1 4 3 11 1
46812470464 3 1 4 3 11 1
202144327777 1 10 5 1 11 1
-1299799917815 1 8 2 1 5 1 11 1
1984926825104 1 6 2 2 5 1 11 1
827401560985 1 4 2 3 5 1 11 1
-2207417432173 1 2 2 4 5 1 11 1
269590596276 2 5 5 1 11 1
642353844519 1 7 3 1 5 1 11 1
-867988099971 1 5 2 1 3 1 5 1 11 1
-2904201738089 1 3 2 2 3 1 5 1 11 1
2323303888834 1 1 2 3 3 1 5 1 11 1
-91628141973 1 4 3 2 5 1 11 1
1437929111798 1 2 2 1 3 2 5 1 11 1
-384523532803 2 2 3 2 5 1 11 1
-132178101933 1 1 3 3 5 1 11 1
-430691673011 1 6 4 1 5 1 11 1
44225204922 1 4 2 1 4 1 5 1 11 1
2176697986035 1 2 2 2 4 1 5 1 11 1
-526513254389 2 3 4 1 5 1 11 1
381512677109 1 3 3 1 4 1 5 1 11 1
-1331203271797 1 1 2 1 3 1 4 1 5 1 11 1
79959574185 3 2 4 1 5 1 11 1
-187030500050 1 2 4 2 5 1 11 1
166570342105 2 1 4 2 5 1 11 1
82489965554 1 5 5 2 11 1
200166721161 1 3 2 1 5 2 11 1
-384938847483 1 1 2 2 5 2 11 1
-141603519868 1 2 3 1 5 2 11 1
94389801873 2 1 3 1 5 2 11 1
80054693698 1 1 4 1 5 2 11 1
-4312940541 5 3 11 1
-179514142087 1 9 6 1 11 1
989155104380 1 7 2 1 6 1 11 1
-1026810636612 1 5 2 2 6 1 11 1
-1124965480540 1 3 2 3 6 1 11 1
1139374348643 1 1 2 4 6 1 11 1
-428593547821 1 6 3 1 6 1 11 1
34399475490 1 4 2 1 3 1 6 1 11 1
2171622678529 1 2 2 2 3 1 6 1 11 1
-515153045040 2 3 3 1 6 1 11 1
191919111234 1 3 3 2 6 1 11 1
-657316400676 1 1 2 1 3 2 6 1 11 1
26166533736 3 3 6 1 11 1
272995211208 1 5 4 1 6 1 11 1
339633424424 1 3 2 1 4 1 6 1 11 1
-1319507456504 1 1 2 2 4 1 6 1 11 1
-374316587096 1 2 3 1 4 1 6 1 11 1
325528287272 2 1 3 1 4 1 6 1 11 1
137396208448 1 1 4 2 6 1 11 1
-65533363335 1 4 5 1 6 1 11 1
-415830148036 1 2 2 1 5 1 6 1 11 1
194107758893 2 2 5 1 6 1 11 1
157905944970 1 1 3 1 5 1 6 1 11 1
-44843008392 4 1 5 1 6 1 11 1
2256859940 1 3 6 2 11 1
159095879180 1 1 2 1 6 2 11 1
-21855107400 3 1 6 2 11 1
123930793245 1 8 7 1 11 1
-503428926009 1 6 2 1 7 1 11 1
71055613961 1 4 2 2 7 1 11 1
816382020415 1 2 2 3 7 1 11 1
-155285166510 2 4 7 1 11 1
167039701829 1 5 3 1 7 1 11 1
405486390493 1 3 2 1 3 1 7 1 11 1
-773958390730 1 1 2 2 3 1 7 1 11 1
-143012573996 1 2 3 2 7 1 11 1
94516397438 2 1 3 2 7 1 11 1
-67874087474 1 4 4 1 7 1 11 1
-420669951368 1 2 2 1 4 1 7 1 11 1
198925368976 2 2 4 1 7 1 11 1
161058570654 1 1 3 1 4 1 7 1 11 1
-23011355978 4 2 7 1 11 1
-18548005105 1 3 5 1 7 1 11 1
189094348373 1 1 2 1 5 1 7 1 11 1
-25887854556 3 1 5 1 7 1 11 1
40829700854 1 2 6 1 7 1 11 1
-54641410138 2 1 6 1 7 1 11 1
-12950547138 1 1 7 2 11 1
-105615724725 1 7 8 1 11 1
328629256209 1 5 2 1 8 1 11 1
163540919265 1 3 2 2 8 1 11 1
-512825603809 1 1 2 3 8 1 11 1
-66227948325 1 4 3 1 8 1 11 1
-422021015461 1 2 2 1 3 1 8 1 11 1
193117653444 2 2 3 1 8 1 11 1
79277123460 1 1 3 2 8 1 11 1
5489258288 1 3 4 1 8 1 11 1
323978723544 1 1 2 1 4 1 8 1 11 1
-44602276776 3 1 4 1 8 1 11 1
40947257787 1 2 5 1 8 1 11 1
-54325854807 2 1 5 1 8 1 11 1
-43481135352 1 1 6 1 8 1 11 1
8639120802 7 1 8 1 11 1
63538601460 1 6 9 1 11 1
-90607054962 1 4 2 1 9 1 11 1
-236954828474 1 2 2 2 9 1 11 1
79815791274 2 3 9 1 11 1
-19058210884 1 3 3 1 9 1 11 1
190614810898 1 1 2 1 3 1 9 1 11 1
-12970999566 3 2 9 1 11 1
41313107102 1 2 4 1 9 1 11 1
-56180303598 2 1 4 1 9 1 11 1
-25945027542 1 1 5 1 9 1 11 1
8696293788 6 1 9 1 11 1
-49551889830 1 5 10 1 11 1
16834587860 1 3 2 1 10 1 11 1
192896623858 1 1 2 2 10 1 11 1
42041677742 1 2 3 1 10 1 11 1
-54253279296 2 1 3 1 10 1 11 1
-44548755776 1 1 4 1 10 1 11 1
8625881082 5 1 10 1 11 1
10363073633 1 4 11 2
22865061359 1 2 2 1 11 2
-17322457134 2 2 11 2
-13111055118 1 1 3 1 11 2
4488202446 4 1 11 2
-31254363210 1 14 12 1
389346042300 1 12 2 1 12 1
-1787580474037 1 10 2 2 12 1
3586102401827 1 8 2 3 12 1
-2538672140634 1 6 2 4 12 1
-763920400695 1 4 2 5 12 1
1298297170397 1 2 2 6 12 1
-217795560006 2 7 12 1
-273763743757 1 11 3 1 12 1
2125378574768 1 9 2 1 3 1 12 1
-4790473995828 1 7 2 2 3 1 12 1
1539322667182 1 5 2 3 3 1 12 1
4272078987261 1 3 2 4 3 1 12 1
-2237098807783 1 1 2 5 3 1 12 1
-581847175988 1 8 3 2 12 1
1701021108669 1 6 2 1 3 2 12 1
1299621073172 1 4 2 2 3 2 12 1
-3948124942688 1 2 2 3 3 2 12 1
568405913701 2 4 3 2 12 1
-112799550911 1 5 3 3 12 1
-896386662911 1 3 2 1 3 3 12 1
1003288887617 1 1 2 2 3 3 12 1
106355069780 1 2 3 4 12 1
-54116093560 2 1 3 4 12 1
251133558067 1 10 4 1 12 1
-1740835343971 1 8 2 1 4 1 12 1
3221814571053 1 6 2 2 4 1 12 1
-81233984758 1 4 2 3 4 1 12 1
-2847218346847 1 2 2 4 4 1 12 1
830696384105 2 5 4 1 12 1
876035637916 1 7 3 1 4 1 12 1
-1701591203861 1 5 2 1 3 1 4 1 12 1
-3194948224018 1 3 2 2 3 1 4 1 12 1
3980697494876 1 1 2 3 3 1 4 1 12 1
-18211469241 1 4 3 2 4 1 12 1
1946784307224 1 2 2 1 3 2 4 1 12 1
-658294765986 2 2 3 2 4 1 12 1
-189885366171 1 1 3 3 4 1 12 1
-331137670609 1 6 4 2 12 1
380543253539 1 4 2 1 4 2 12 1
1264734162408 1 2 2 2 4 2 12 1
-812502092358 2 3 4 2 12 1
171960474653 1 3 3 1 4 2 12 1
-1142459943031 1 1 2 1 3 1 4 2 12 1
68549463711 3 2 4 2 12 1
-60318428354 1 2 4 3 12 1
171651708435 2 1 4 3 12 1
-179514142087 1 9 5 1 12 1
988724382322 1 7 2 1 5 1 12 1
-1024943396976 1 5 2 2 5 1 12 1
-1125401866095 1 3 2 3 5 1 12 1
1136811827402 1 1 2 4 5 1 12 1
-428162825763 1 6 3 1 5 1 12 1
32265102676 1 4 2 1 3 1 5 1 12 1
2170212849484 1 2 2 2 3 1 5 1 12 1
-512590523799 2 3 3 1 5 1 12 1
192186244412 1 3 3 2 5 1 12 1
-655355646352 1 1 2 1 3 2 5 1 12 1
26051994012 3 3 5 1 12 1
272652423095 1 5 4 1 5 1 12 1
340425414359 1 3 2 1 4 1 5 1 12 1
-1316589531972 1 1 2 2 4 1 5 1 12 1
-374313238779 1 2 3 1 4 1 5 1 12 1
323835548199 2 1 3 1 4 1 5 1 12 1
137098927422 1 1 4 2 5 1 12 1
-32595287611 1 4 5 2 12 1
-208049562907 1 2 2 1 5 2 12 1
96441286717 2 2 5 2 12 1
78689792248 1 1 3 1 5 2 12 1
-22272863683 4 1 5 2 12 1
161199073567 1 8 6 1 12 1
-757860877627 1 6 2 1 6 1 12 1
489738995608 1 4 2 2 6 1 12 1
913969080641 1 2 2 3 6 1 12 1
-468936137093 2 4 6 1 12 1
271287237364 1 5 3 1 6 1 12 1
343533291976 1 3 2 1 3 1 6 1 12 1
-1305480603206 1 1 2 2 3 1 6 1 12 1
-187106695418 1 2 3 2 6 1 12 1
158772114758 2 1 3 2 6 1 12 1
-171840669591 1 4 4 1 6 1 12 1
-382054992756 1 2 2 1 4 1 6 1 12 1
600946041363 2 2 4 1 6 1 12 1
271937291136 1 1 3 1 4 1 6 1 12 1
-69541844078 4 2 6 1 12 1
4364398222 1 3 5 1 6 1 12 1
317544229516 1 1 2 1 5 1 6 1 12 1
-43464867222 3 1 5 1 6 1 12 1
9017427230 1 2 6 2 12 1
-82599361642 2 1 6 2 12 1
-105615724725 1 7 7 1 12 1
328567421514 1 5 2 1 7 1 12 1
163635074250 1 3 2 2 7 1 12 1
-512590523799 1 1 2 3 7 1 12 1
-66166113630 1 4 3 1 7 1 12 1
-422061649446 1 2 2 1 3 1 7 1 12 1
192882573434 2 2 3 1 7 1 12 1
79223602460 1 1 3 2 7 1 12 1
5457493563 1 3 4 1 7 1 12 1
323835548199 1 1 2 1 4 1 7 1 12 1
-44545727366 3 1 4 1 7 1 12 1
40979022512 1 2 5 1 7 1 12 1
-54239228872 2 1 5 1 7 1 12 1
-43464867222 1 1 6 1 7 1 12 1
4311426336 7 2 12 1
91629013095 1 6 8 1 12 1
-216368030094 1 4 2 1 8 1 12 1
-199268573844 1 2 2 2 8 1 12 1
239892159091 2 3 8 1 12 1
4755722454 1 3 3 1 8 1 12 1
320843066278 1 1 2 1 3 1 8 1 12 1
-21703847118 3 2 8 1 12 1
17525973295 1 2 4 1 8 1 12 1
-168870288363 2 1 4 1 8 1 12 1
-43407694236 1 1 5 1 8 1 12 1
26145720762 6 1 8 1 12 1
-49551889830 1 5 9 1 12 1
16829622666 1 3 2 1 9 1 12 1
192882573434 1 1 2 2 9 1 12 1
42046642936 1 2 3 1 9 1 12 1
-54239228872 2 1 3 1 9 1 12 1
-44545727366 1 1 4 1 9 1 12 1
8622852672 5 1 9 1 12 1
39950708076 1 4 10 1 12 1
11427301672 1 2 2 1 10 1 12 1
-103998430294 2 2 10 1 12 1
-44195203556 1 1 3 1 10 1 12 1
26946469802 4 1 10 1 12 1
-11124965512 1 3 11 1 12 1
-54239228872 1 1 2 1 11 1 12 1
8622852672 3 1 11 1 12 1
3094712369 1 2 12 2
17107344779 2 1 12 2
26942274450 1 13 13 1
-302034525210 1 11 2 1 13 1
1190334125393 1 9 2 2 13 1
-1837146979504 1 7 2 3 13 1
519657855983 1 5 2 4 13 1
930103944510 1 3 2 5 13 1
-431329002402 1 1 2 6 13 1
204953140823 1 10 3 1 13 1
-1318788834673 1 8 2 1 3 1 13 1
2015855036937 1 6 2 2 3 1 13 1
835403635357 1 4 2 3 3 1 13 1
-2232471982205 1 2 2 4 3 1 13 1
269590596276 2 5 3 1 13 1
325963271427 1 7 3 2 13 1
-440913833636 1 5 2 1 3 2 13 1
-1469854225063 1 3 2 2 3 2 13 1
1169146164397 1 1 2 3 3 2 13 1
-30921335763 1 4 3 3 13 1
484254202539 1 2 2 1 3 3 13 1
-128529747391 2 2 3 3 13 1
-33276078171 1 1 3 4 13 1
-182322955133 1 9 4 1 13 1
1007713299180 1 7 2 1 4 1 13 1
-1055871608809 1 5 2 2 4 1 13 1
-1133403940467 1 3 2 3 4 1 13 1
1161866377434 1 1 2 4 4 1 13 1
-437735524098 1 6 3 1 4 1 13 1
45823716559 1 4 2 1 3 1 4 1 13 1
2206150263293 1 2 2 2 3 1 4 1 13 1
-526513254389 2 3 3 1 4 1 13 1
193603063146 1 3 3 2 4 1 13 1
-670376083917 1 1 2 1 3 2 4 1 13 1
26734444737 3 3 4 1 13 1
139988613800 1 5 4 2 13 1
169198100475 1 3 2 1 4 2 13 1
-673553759300 1 1 2 2 4 2 13 1
-190125223994 1 2 3 1 4 2 13 1
166570342105 2 1 3 1 4 2 13 1
46812470464 1 1 4 3 13 1
124361515303 1 8 5 1 13 1
-505296165645 1 6 2 1 5 1 13 1
71491999516 1 4 2 2 5 1 13 1
818944541656 1 2 2 3 5 1 13 1
-155285166510 2 4 5 1 13 1
167649623120 1 5 3 1 5 1 13 1
406807748336 1 3 2 1 3 1 5 1 13 1
-775259180110 1 1 2 2 3 1 5 1 13 1
-143397595215 1 2 3 2 5 1 13 1
94592001359 2 1 3 2 5 1 13 1
-68141220652 1 4 4 1 5 1 13 1
-422287086520 1 2 2 1 4 1 5 1 13 1
198925368976 2 2 4 1 5 1 13 1
161355851680 1 1 3 1 4 1 5 1 13 1
-23011355978 4 2 5 1 13 1
-9327281213 1 3 5 2 13 1
94718596924 1 1 2 1 5 2 13 1
-12952061343 3 1 5 2 13 1
-106046446783 1 7 6 1 13 1
330434661150 1 5 2 1 6 1 13 1
163198688695 1 3 2 2 6 1 13 1
-515153045040 1 1 2 3 6 1 13 1
-66776034921 1 4 3 1 6 1 13 1
-423409806820 1 2 2 1 3 1 6 1 13 1
194107758893 2 2 3 1 6 1 13 1
79635423210 1 1 3 2 6 1 13 1
5751426272 1 3 4 1 6 1 13 1
325528287272 1 1 2 1 4 1 6 1 13 1
-44843008392 3 1 4 1 6 1 13 1
41058780302 1 2 5 1 6 1 13 1
-54641410138 2 1 5 1 6 1 13 1
-21855107400 1 1 6 2 13 1
63600436155 1 6 7 1 13 1
-90701209947 1 4 2 1 7 1 13 1
-237189908484 1 2 2 2 7 1 13 1
79815791274 2 3 7 1 13 1
-19079967159 1 3 3 1 7 1 13 1
190704465243 1 1 2 1 3 1 7 1 13 1
-12974027976 3 2 7 1 13 1
41366628102 1 2 4 1 7 1 13 1
-56180303598 2 1 4 1 7 1 13 1
-25958267262 1 1 5 1 7 1 13 1
8696293788 6 1 7 1 13 1
-49613724525 1 5 8 1 13 1
16923777651 1 3 2 1 8 1 13 1
193117653444 1 1 2 2 8 1 13 1
42068399211 1 2 3 1 8 1 13 1
-54325854807 2 1 3 1 8 1 13 1
-44602276776 1 1 4 1 8 1 13 1
8639120802 5 1 8 1 13 1
20731112460 1 4 9 1 13 1
45744173142 1 2 2 1 9 1 13 1
-34644914268 2 2 9 1 13 1
-26225138646 1 1 3 1 9 1 13 1
8976404892 4 1 9 1 13 1
-11129930706 1 3 10 1 13 1
-54253279296 1 1 2 1 10 1 13 1
8625881082 3 1 10 1 13 1
-3687311898 1 2 11 1 13 1
11401686642 2 1 11 1 13 1
8622852672 1 1 12 1 13 1
-1077690978 13 2
-26942274450 1 12 14 1
279404339520 1 10 2 1 14 1
-985305036683 1 8 2 2 14 1
1257211937051 1 6 2 3 14 1
-86512570535 1 4 2 4 14 1
-630645170191 1 2 2 5 14 1
161738406126 2 6 14 1
-182322955133 1 9 3 1 14 1
1005615173990 1 7 2 1 3 1 14 1
-1046740464367 1 5 2 2 3 1 14 1
-1135613920341 1 3 2 3 3 1 14 1
1149440458715 1 1 2 4 3 1 14 1
-217818699454 1 6 3 2 14 1
17671282583 1 4 2 1 3 2 14 1
1099646330140 1 2 2 2 3 2 14 1
-257043667835 2 3 3 2 14 1
64984356699 1 3 3 3 14 1
-220246863343 1 1 2 1 3 3 14 1
6541633434 3 4 14 1
164007886613 1 8 4 1 14 1
-774320947237 1 6 2 1 4 1 14 1
509949776781 1 4 2 2 4 1 14 1
924186818670 1 2 2 3 4 1 14 1
-480067956535 2 4 4 1 14 1
278331088451 1 5 3 1 4 1 14 1
342309248882 1 3 2 1 3 1 4 1 14 1
-1332963643211 1 1 2 2 3 1 4 1 14 1
-190140654281 1 2 3 2 4 1 14 1
162440064137 2 1 3 2 4 1 14 1
-88728750126 1 4 4 2 14 1
-192077879489 1 2 2 1 4 2 14 1
308058048219 2 2 4 2 14 1
139000708082 1 1 3 1 4 2 14 1
-23801114486 4 3 14 1
-106046446783 1 7 5 1 14 1
330153707732 1 5 2 1 5 1 14 1
163629390467 1 3 2 2 5 1 14 1
-514087335670 1 1 2 3 5 1 14 1
-66495081503 1 4 3 1 5 1 14 1
-423596748566 1 2 2 1 3 1 5 1 14 1
193042049523 2 2 3 1 5 1 14 1
79391663184 1 1 3 2 5 1 14 1
5607069808 1 3 4 1 5 1 14 1
324880128274 1 1 2 1 4 1 5 1 14 1
-44586008646 3 1 4 1 5 1 14 1
20601568383 1 2 5 2 14 1
-27125125443 2 1 5 2 14 1
92059735153 1 6 6 1 14 1
-217892481617 1 4 2 1 6 1 14 1
-199330245515 1 2 2 2 6 1 14 1
241229494873 2 3 6 1 14 1
5022855632 1 3 3 1 6 1 14 1
322391999852 1 1 2 1 3 1 6 1 14 1
-21818386842 3 2 6 1 14 1
17381362244 1 2 4 1 6 1 14 1
-169863565144 2 1 4 1 6 1 14 1
-43636773684 1 1 5 1 6 1 14 1
13158813612 6 2 14 1
-49613724525 1 5 7 1 14 1
16896978120 1 3 2 1 7 1 14 1
193042049523 1 1 2 2 7 1 14 1
42095198742 1 2 3 1 7 1 14 1
-54250250886 2 1 3 1 7 1 14 1
-44586008646 1 1 4 1 7 1 14 1
8622852672 5 1 7 1 14 1
40012542771 1 4 8 1 14 1
11364911412 1 2 2 1 8 1 14 1
-104146884369 2 2 8 1 14 1
-44248724556 1 1 3 1 8 1 14 1
26986751082 4 1 8 1 14 1
-11129930706 1 3 9 1 14 1
-54250250886 1 1 2 1 9 1 14 1
8622852672 3 1 9 1 14 1
6194389932 1 2 10 1 14 1
34225711572 2 1 10 1 14 1
8622852672 1 1 11 1 14 1
-6467470716 12 1 14 1
22630185690 1 11 15 1
-205029088710 1 9 2 1 15 1
579935042453 1 7 2 2 15 1
-433145285448 1 5 2 3 15 1
-299458774319 1 3 2 4 15 1
269590596276 1 1 2 5 15 1
126459640493 1 8 3 1 15 1
-514427310087 1 6 2 1 3 1 15 1
73701979390 1 4 2 2 3 1 15 1
831370460375 1 2 2 3 3 1 15 1
-155285166510 2 4 3 1 15 1
85322884610 1 5 3 2 15 1
206656145121 1 3 2 1 3 2 15 1
-390735647307 1 1 2 2 3 2 15 1
-48428217531 1 2 3 3 15 1
31640265470 2 1 3 3 15 1
-108144571973 1 7 4 1 15 1
339284852174 1 5 2 1 4 1 15 1
161419410593 1 3 2 2 4 1 15 1
-526513254389 1 1 2 3 4 1 15 1
-69491227603 1 4 3 1 4 1 15 1
-430218847405 1 2 2 1 3 1 4 1 15 1
198925368976 2 2 3 1 4 1 15 1
81396277495 1 1 3 2 4 1 15 1
3537316846 1 3 4 2 15 1
166570342105 1 1 2 1 4 2 15 1
-23011355978 3 1 4 2 15 1
63881389573 1 6 5 1 15 1
-91131911719 1 4 2 1 5 1 15 1
-238255617854 1 2 2 2 5 1 15 1
79815791274 2 3 5 1 15 1
-19179370721 1 3 3 1 5 1 15 1
191108864215 1 1 2 1 3 1 5 1 15 1
-12987267696 3 2 5 1 15 1
41610388128 1 2 4 1 5 1 15 1
-56180303598 2 1 4 1 5 1 15 1
-13009234329 1 1 5 2 15 1
-49894677943 1 5 6 1 15 1
17327679892 1 3 2 1 6 1 15 1
194107758893 1 1 2 2 6 1 15 1
42194602304 1 2 3 1 6 1 15 1
-54641410138 2 1 3 1 6 1 15 1
-44843008392 1 1 4 1 6 1 15 1
8696293788 5 1 6 1 15 1
20757911991 1 4 7 1 15 1
45819777063 1 2 2 1 7 1 15 1
-34644914268 2 2 7 1 15 1
-26241406776 1 1 3 1 7 1 15 1
8976404892 4 1 7 1 15 1
-11156730237 1 3 8 1 15 1
-54325854807 1 1 2 1 8 1 15 1
8639120802 3 1 8 1 15 1
-3690340308 1 2 9 1 15 1
11401686642 2 1 9 1 15 1
8625881082 1 1 10 1 15 1
-2155381956 11 1 15 1
-22630185690 1 10 16 1
186714020190 1 8 2 1 16 1
-454687262483 1 6 2 2 16 1
226508305594 1 4 2 3 16 1
251661063115 1 2 2 4 16 1
-114305429766 2 5 16 1
-108144571973 1 7 3 1 16 1
337919666443 1 5 2 1 3 1 16 1
163551749802 1 3 2 2 3 1 16 1
-521366849255 1 1 2 3 3 1 16 1
-34063020936 1 4 3 2 16 1
-215579121665 1 2 2 1 3 2 16 1
96889481921 2 2 3 2 16 1
26734444737 1 1 3 3 16 1
94157860343 1 6 4 1 16 1
-225377486910 1 4 2 1 4 1 16 1
-199565749689 1 2 2 2 4 1 16 1
247772094139 2 3 4 1 16 1
6372862583 1 3 3 1 4 1 16 1
330022879429 1 1 2 1 3 1 4 1 16 1
-22386297843 3 2 4 1 16 1
8321184500 1 2 4 2 16 1
-87378682529 2 1 4 2 16 1
-49894677943 1 5 5 1 16 1
17210122959 1 3 2 1 5 1 16 1
193778963842 1 1 2 2 5 1 16 1
42312159237 1 2 3 1 5 1 16 1
-54312615087 2 1 3 1 5 1 16 1
-44772595686 1 1 4 1 5 1 16 1
4312940541 5 2 16 1
40293496189 1 4 6 1 16 1
11078566104 1 2 2 1 6 1 16 1
-104821434487 2 2 6 1 16 1
-44492484582 1 1 3 1 6 1 16 1
27170309712 4 1 6 1 16 1
-11156730237 1 3 7 1 16 1
-54312615087 1 1 2 1 7 1 16 1
8625881082 3 1 7 1 16 1
6221189463 1 2 8 1 16 1
34285047363 2 1 8 1 16 1
8625881082 1 1 9 1 16 1
-6470499126 10 1 16 1
18315068520 1 9 17 1
-125247779970 1 7 2 1 17 1
206636979854 1 5 2 2 17 1
47797711204 1 3 2 3 17 1
-155285166510 1 1 2 4 17 1
65246575304 1 6 3 1 17 1
-93264250928 1 4 2 1 3 1 17 1
-243402022988 1 2 2 2 3 1 17 1
79815791274 2 3 3 1 17 1
-9835271448 1 3 3 2 17 1
96516862856 1 1 2 1 3 2 17 1
-4348146894 3 3 17 1
-51259863674 1 5 4 1 17 1
19342462168 1 3 2 1 4 1 17 1
198925368976 1 1 2 2 4 1 17 1
42803331412 1 2 3 1 4 1 17 1
-56180303598 2 1 3 1 4 1 17 1
-23011355978 1 1 4 2 17 1
20875468924 1 4 5 1 17 1
46148572114 1 2 2 1 5 1 17 1
-34644914268 2 2 5 1 17 1
-26311819482 1 1 3 1 5 1 17 1
8976404892 4 1 5 1 17 1
-11274287170 1 3 6 1 17 1
-54641410138 1 1 2 1 6 1 17 1
8696293788 3 1 6 1 17 1
-3703580028 1 2 7 1 17 1
11401686642 2 1 7 1 17 1
8639120802 1 1 8 1 17 1
-2155381956 9 1 17 1
-18315068520 1 8 18 1
111261068340 1 6 2 1 18 1
-143989478264 1 4 2 2 18 1
-66601588132 1 2 2 3 18 1
75469375236 2 4 18 1
-51259863674 1 5 3 1 18 1
18758247992 1 3 2 1 3 1 18 1
197329302530 1 1 2 2 3 1 18 1
21693772794 1 2 3 2 18 1
-27292118576 2 1 3 2 18 1
41658681920 1 4 4 1 18 1
9647998004 1 2 2 1 4 1 18 1
-108100151110 2 2 4 1 18 1
-45685427866 1 1 3 1 4 1 18 1
14034951086 4 2 18 1
-11274287170 1 3 5 1 18 1
-54584237152 1 1 2 1 5 1 18 1
8639120802 3 1 5 1 18 1
6338746396 1 2 6 1 18 1
34543429708 2 1 6 1 18 1
8639120802 1 1 7 1 18 1
-6483738846 8 1 18 1
13986711630 1 7 19 1
-62647501590 1 5 2 1 19 1
18803876928 1 3 2 2 19 1
79815791274 1 1 2 3 19 1
21459683100 1 4 3 1 19 1
47744638560 1 2 2 1 3 1 19 1
-34644914268 2 2 3 1 19 1
-13324551786 1 1 3 2 19 1
-11858501346 1 3 4 1 19 1
-56180303598 1 1 2 1 4 1 19 1
8976404892 3 1 4 1 19 1
-3760753014 1 2 5 1 19 1
11401686642 2 1 5 1 19 1
8696293788 1 1 6 1 19 1
-2155381956 7 1 19 1
-13986711630 1 6 20 1
53046319836 1 4 2 1 20 1
-1671918102 1 2 2 2 20 1
-45170877006 2 3 20 1
-11858501346 1 3 3 1 20 1
-55900192494 1 1 2 1 3 1 20 1
4348146894 3 2 20 1
6922960572 1 2 4 1 20 1
35802212064 2 1 4 1 20 1
8696293788 1 1 5 1 20 1
-6540911832 6 1 20 1
9601181754 1 5 21 1
-17131958826 1 3 2 1 21 1
-34644914268 1 1 2 2 21 1
-4040864118 1 2 3 1 21 1
11401686642 2 1 3 1 21 1
8976404892 1 1 4 1 21 1
-2155381956 5 1 21 1
-9601181754 1 4 22 1
12196418052 1 2 2 1 22 1
23243227626 2 2 22 1
8976404892 1 1 3 1 22 1
-6821022936 4 1 22 1
4935540774 1 3 23 1
11401686642 1 1 2 1 23 1
-2155381956 3 1 23 1
-4935540774 1 2 24 1
-9246304686 2 1 24 1
-2155381956 1 1 25 1
2155381956 26 1
