1219553378446855442006016000000
2155381956 1 25 2 1
-53884548900 1 23 2 2
592730037900 1 21 2 3
-3771918423000 1 19 2 4
15357096436500 1 17 2 5
-41771302307280 1 15 2 6
76947135829200 1 13 2 7
-95267882455200 1 11 2 8
77054904927000 1 9 2 9
-38527452463500 1 7 2 10
10787686689780 1 5 2 11
-1400998271400 1 3 2 12
53884548900 1 1 2 13
-2155381956 1 24 3 1
98522793114 1 22 2 1 3 1
-1518731479752 1 20 2 2 3 1
12027576372570 1 18 2 3 3 1
-56705521735584 1 16 2 4 3 1
169390671731352 1 14 2 5 3 1
-327394656152928 1 12 2 6 3 1
406260790296504 1 10 2 7 3 1
-312154175037120 1 8 2 8 3 1
137701802897334 1 6 2 9 3 1
-30024752864280 1 4 2 10 3 1
2264588629890 1 2 2 11 3 1
-44638244214 1 21 3 2
1282516073430 1 19 2 1 3 2
-14163700225194 1 17 2 2 3 2
82026619541424 1 15 2 3 3 2
-278171954720520 1 13 2 4 3 2
573900415576488 1 11 2 5 3 2
-716742681566730 1 9 2 6 3 2
517573366779144 1 7 2 7 3 2
-194421624174234 1 5 2 8 3 2
29956605685350 1 3 2 9 3 2
-863590358490 1 1 2 10 3 2
-356514631578 1 18 3 3
7287174147672 1 16 2 1 3 3
-57947831983920 1 14 2 2 3 3
235823022118320 1 12 2 3 3 3
-533847063154860 1 10 2 4 3 3
676127932324338 1 8 2 5 3 3
-452348367098712 1 6 2 6 3 3
137211343268760 1 4 2 7 3 3
-12550270084650 1 2 2 8 3 3
-1379131872048 1 15 3 4
19927879478640 1 13 2 1 3 4
-108305298997350 1 11 2 2 3 4
282308643605430 1 9 2 3 3 4
-367857915824760 1 7 2 4 3 4
223580263329948 1 5 2 5 3 4
-50251144529880 1 3 2 6 3 4
1830730573800 1 1 2 7 3 4
-2658241737060 1 12 3 5
25389500278974 1 10 2 1 3 5
-83988600045930 1 8 2 2 3 5
115982972195160 1 6 2 3 3 5
-62268641200500 1 4 2 4 3 5
8854351860060 1 2 2 5 3 5
-2354638103496 1 9 3 6
12837168531864 1 7 2 1 3 6
-20147286024852 1 5 2 2 3 6
9158716834680 1 3 2 3 3 6
-567276858540 1 1 2 4 3 6
-763044189264 1 6 3 7
1693478548020 1 4 2 1 3 7
-608420407560 1 2 2 2 3 7
-49407492480 1 3 3 8
12351873120 1 1 2 1 3 8
2155381956 1 23 4 1
-96367411158 1 21 2 1 4 1
1429185091530 1 19 2 2 4 1
-10783760747886 1 17 2 3 4 1
47966532663168 1 15 2 4 4 1
-133603872603432 1 13 2 5 4 1
237151859153976 1 11 2 6 4 1
-264729745011030 1 9 2 7 4 1
177606587160756 1 7 2 8 4 1
-65317755864330 1 5 2 9 4 1
10959383725530 1 3 2 10 4 1
-537407912910 1 1 2 11 4 1
87121106472 1 20 3 1 4 1
-2397341057058 1 18 2 1 3 1 4 1
25102030584708 1 16 2 2 3 1 4 1
-136308721173456 1 14 2 3 3 1 4 1
427396600944664 1 12 2 4 3 1 4 1
-799950270940626 1 10 2 5 3 1 4 1
881853925259619 1 8 2 6 3 1 4 1
-538393394227264 1 6 2 7 3 1 4 1
158175847989396 1 4 2 8 3 1 4 1
-15747302062650 1 2 2 9 3 1 4 1
991399193154 1 17 3 2 4 1
-19107584671440 1 15 2 1 3 2 4 1
141445678292288 1 13 2 2 3 2 4 1
-526839858758148 1 11 2 3 3 2 4 1
1065616401185934 1 9 2 4 3 2 4 1
-1162189223854328 1 7 2 5 3 2 4 1
628315065578256 1 5 2 6 3 2 4 1
-134505977018184 1 3 2 7 3 2 4 1
5227347789450 1 1 2 8 3 2 4 1
4744143957612 1 14 3 3 4 1
-63273295825402 1 12 2 1 3 3 4 1
310864108097309 1 10 2 2 3 3 4 1
-710137901942846 1 8 2 3 3 3 4 1
770828650519694 1 6 2 4 3 3 4 1
-354243258748504 1 4 2 5 3 3 4 1
46742471217252 1 2 2 6 3 3 4 1
10245275418638 1 11 3 4 4 1
-87110424888710 1 9 2 1 3 4 4 1
246282801211560 1 7 2 2 3 4 4 1
-270544731682828 1 5 2 3 3 4 4 1
98901474048480 1 3 2 4 3 4 4 1
-5450690708820 1 1 2 5 3 4 4 1
9179141778551 1 8 3 5 4 1
-41359087141356 1 6 2 1 3 5 4 1
48271261192378 1 4 2 2 3 5 4 1
-12413556916768 1 2 2 3 3 5 4 1
2557936879484 1 5 3 6 4 1
-3798003030504 1 3 2 1 3 6 4 1
509605422600 1 1 2 2 3 6 4 1
90071046993 1 2 3 7 4 1
-42482862258 1 19 4 2
1119173130522 1 17 2 1 4 2
-11094349445136 1 15 2 2 4 2
56351384443976 1 13 2 3 4 2
-162787384961448 1 11 2 4 4 2
275014185003987 1 9 2 5 4 2
-265674703398176 1 7 2 6 4 2
135751712601384 1 5 2 7 4 2
-30816349182450 1 3 2 8 4 2
2002427609550 1 1 2 9 4 2
-917602638468 1 16 3 1 4 2
16638392952532 1 14 2 1 3 1 4 2
-114251377654206 1 12 2 2 3 1 4 2
387381990581391 1 10 2 3 3 1 4 2
-694169585478823 1 8 2 4 3 1 4 2
642662627781666 1 6 2 5 3 1 4 2
-272942705997384 1 4 2 6 3 1 4 2
37939070511972 1 2 2 7 3 1 4 2
-6086367607594 1 13 3 2 4 2
74548685693235 1 11 2 1 3 2 4 2
-328448478916677 1 9 2 2 3 2 4 2
648681274246492 1 7 2 3 3 2 4 2
-571451041157052 1 5 2 4 3 2 4 2
186165455268300 1 3 2 5 3 2 4 2
-10451170274292 1 1 2 6 3 2 4 2
-15560525183375 1 10 3 3 4 2
116402487004016 1 8 2 1 3 3 4 2
-275309987482644 1 6 2 2 3 3 4 2
229677711303500 1 4 2 3 3 3 4 2
-49460674520260 1 2 2 4 3 3 4 2
-14352579653132 1 7 3 4 4 2
51667831769222 1 5 2 1 3 4 4 2
-41223318170136 1 3 2 2 3 4 4 2
4110297952048 1 1 2 3 3 4 4 2
-3294621365906 1 4 3 5 4 2
2774407952637 1 2 2 1 3 5 4 2
-40663554513 1 1 3 6 4 2
282718076892 1 15 4 3
-4813634281870 1 13 2 1 4 3
30564688034595 1 11 2 2 4 3
-93893911831344 1 9 2 3 4 3
148036342914862 1 7 2 4 4 3
-115197211675488 1 5 2 5 4 3
37971594648828 1 3 2 6 4 3
-3458768923080 1 1 2 7 4 3
3452482683650 1 12 3 1 4 3
-38642955467808 1 10 2 1 3 1 4 3
151454504633974 1 8 2 2 3 1 4 3
-255052578624616 1 6 2 3 3 1 4 3
177374636059650 1 4 2 4 3 1 4 3
-37722390535088 1 2 2 5 3 1 4 3
11635137363124 1 9 3 2 4 3
-75582461259088 1 7 2 1 3 2 4 3
145778984334036 1 5 2 2 3 2 4 3
-86632558060016 1 3 2 3 3 2 4 3
7943175764888 1 1 2 4 3 2 4 3
11454292473132 1 6 3 3 4 3
-31465954361264 1 4 2 1 3 3 4 3
14840211931878 1 2 2 2 3 3 4 3
2025965697339 1 3 3 4 4 3
-661139532186 1 1 2 1 3 4 4 3
-731127161620 1 11 4 4
7446227754769 1 9 2 1 4 4
-25793199292298 1 7 2 2 4 4
36683844468618 1 5 2 3 4 4
-19895985778312 1 3 2 4 4 4
2783916154320 1 1 2 5 4 4
-4285133798809 1 8 3 1 4 4
23854272522622 1 6 2 1 3 1 4 4
-36518941210542 1 4 2 2 3 1 4 4
14251248094843 1 2 2 3 3 1 4 4
-4893494115156 1 5 3 2 4 4
9627162235601 1 3 2 1 3 2 4 4
-1932811096543 1 1 2 2 3 2 4 4
-593337806543 1 2 3 3 4 4
623487937482 1 7 4 5
-2946832024380 1 5 2 1 4 5
3536878574477 1 3 2 2 4 5
-911614945170 1 1 2 3 4 5
1060007518231 1 4 3 1 4 5
-1378292437610 1 2 2 1 3 1 4 5
67100784890 1 1 3 2 4 5
-92729898130 1 3 4 6
79915341510 1 1 2 1 4 6
-2155381956 1 22 5 1
89546388222 1 20 2 1 5 1
-1243815624684 1 18 2 2 5 1
8738989072416 1 16 2 3 5 1
-35786799127920 1 14 2 4 5 1
90242796998952 1 12 2 5 5 1
-141531045285474 1 10 2 6 5 1
134547587876364 1 8 2 7 5 1
-72384047033004 1 6 2 8 5 1
19065369138750 1 4 2 9 5 1
-1727180716980 1 2 2 10 5 1
-80300083536 1 19 3 1 5 1
2062404335430 1 17 2 1 3 1 5 1
-20006474587104 1 15 2 2 3 1 5 1
99303217373096 1 13 2 3 3 1 5 1
-278977866082188 1 11 2 4 3 1 5 1
454141427086035 1 9 2 5 3 1 5 1
-415549518968312 1 7 2 6 3 1 5 1
194114881230912 1 5 2 7 3 1 5 1
-36729978076800 1 3 2 8 3 1 5 1
1287751264650 1 1 2 9 3 1 5 1
-841831938372 1 16 3 2 5 1
14942687551532 1 14 2 1 3 2 5 1
-100252967811750 1 12 2 2 3 2 5 1
330372870407437 1 10 2 3 3 2 5 1
-569779435621239 1 8 2 4 3 2 5 1
498547348211846 1 6 2 5 3 2 5 1
-192694630940960 1 4 2 6 3 2 5 1
22058081156124 1 2 2 7 3 2 5 1
-3630031159838 1 13 3 3 5 1
43433224218553 1 11 2 1 3 3 5 1
-185871429544135 1 9 2 2 3 3 5 1
352908135810260 1 7 2 3 3 3 5 1
-293257503024572 1 5 2 4 3 3 5 1
86680876425356 1 3 2 5 3 3 5 1
-4037367833388 1 1 2 6 3 3 5 1
-6772144027215 1 10 3 4 5 1
49176403450456 1 8 2 1 3 4 5 1
-111695553962640 1 6 2 2 3 4 5 1
87758471753812 1 4 2 3 3 4 5 1
-17134930476932 1 2 2 4 3 4 5 1
-4828469800756 1 7 3 5 5 1
16676061228542 1 5 2 1 3 5 5 1
-12518132992928 1 3 2 2 3 5 5 1
1135328477072 1 1 2 3 3 5 5 1
-881327661610 1 4 3 6 5 1
698286641763 1 2 2 1 3 6 5 1
-8743937967 1 1 3 7 5 1
78144701580 1 18 4 1 5 1
-1912385944308 1 16 2 1 4 1 5 1
17463244280864 1 14 2 2 4 1 5 1
-80451728152978 1 12 2 3 4 1 5 1
205880866434984 1 10 2 4 4 1 5 1
-297160750949615 1 8 2 5 4 1 5 1
231058441119652 1 6 2 6 4 1 5 1
-84913711716996 1 4 2 7 4 1 5 1
10454695578900 1 2 2 8 4 1 5 1
1545047172264 1 15 3 1 4 1 5 1
-25631014138042 1 13 2 1 3 1 4 1 5 1
158027834508115 1 11 2 2 3 1 4 1 5 1
-467356566761389 1 9 2 3 3 1 4 1 5 1
697531441347384 1 7 2 4 3 1 4 1 5 1
-495988507397564 1 5 2 5 3 1 4 1 5 1
136169554858596 1 3 2 6 3 1 4 1 5 1
-6660423194148 1 1 2 7 3 1 4 1 5 1
9144317906464 1 12 3 2 4 1 5 1
-99333693060299 1 10 2 1 3 2 4 1 5 1
374339849920128 1 8 2 2 3 2 4 1 5 1
-595280960884548 1 6 2 3 3 2 4 1 5 1
376297886119703 1 4 2 4 3 2 4 1 5 1
-65701843099288 1 2 2 5 3 2 4 1 5 1
19829024200041 1 9 3 3 4 1 5 1
-123703869091388 1 7 2 1 3 3 4 1 5 1
224806042811124 1 5 2 2 3 3 4 1 5 1
-121000040363752 1 3 2 3 3 3 4 1 5 1
9189955417404 1 1 2 4 3 3 4 1 5 1
13967583432830 1 6 3 4 4 1 5 1
-36088063762226 1 4 2 1 3 4 4 1 5 1
15403496831479 1 2 2 2 3 4 4 1 5 1
1844794437330 1 3 3 5 4 1 5 1
-547008029001 1 1 2 1 3 5 4 1 5 1
-707563380786 1 14 4 2 5 1
10937641900653 1 12 2 1 4 2 5 1
-61671198214288 1 10 2 2 4 2 5 1
162398492633936 1 8 2 3 4 2 5 1
-206918831920798 1 6 2 4 4 2 5 1
116343309626808 1 4 2 5 4 2 5 1
-20902340548584 1 2 2 6 4 2 5 1
-7620565528981 1 11 3 1 4 2 5 1
74602853496290 1 9 2 1 3 1 4 2 5 1
-244408326570824 1 7 2 2 3 1 4 2 5 1
317423736575352 1 5 2 3 3 1 4 2 5 1
-143259334376620 1 3 2 4 3 1 4 2 5 1
10700374388032 1 1 2 5 3 1 4 2 5 1
-21289906432182 1 8 3 2 4 2 5 1
111780338990776 1 6 2 1 3 2 4 2 5 1
-155310882736968 1 4 2 2 3 2 4 2 5 1
49568184074794 1 2 2 3 3 2 4 2 5 1
-15127625392284 1 5 3 3 4 2 5 1
26895906220116 1 3 2 1 3 3 4 2 5 1
-4464409416962 1 1 2 2 3 3 4 2 5 1
-1230044595780 1 2 3 4 4 2 5 1
2101930635461 1 10 4 3 5 1
-18409239276001 1 8 2 1 4 3 5 1
51753970430081 1 6 2 2 4 3 5 1
-53452707610302 1 4 2 3 4 3 5 1
15886351529776 1 2 2 4 4 3 5 1
9919811260028 1 7 3 1 4 3 5 1
-42773277203954 1 5 2 1 3 1 4 3 5 1
42671401661460 1 3 2 2 3 1 4 3 5 1
-5827551175907 1 1 2 3 3 1 4 3 5 1
7538072299533 1 4 3 2 4 3 5 1
-7977174258357 1 2 2 1 3 2 4 3 5 1
257833882093 1 1 3 3 4 3 5 1
-1693326634106 1 6 4 4 5 1
5843570540453 1 4 2 1 4 4 5 1
-3865622193086 1 2 2 2 4 4 5 1
-1690303742537 1 3 3 1 4 4 5 1
764598818770 1 1 2 1 3 1 4 4 5 1
134201569780 1 2 4 5 5 1
-35661839322 1 17 5 2
807247764872 1 15 2 1 5 2
-6746939166584 1 13 2 2 5 2
27923960585157 1 11 2 3 5 2
-62374958767679 1 9 2 4 5 2
75058847159900 1 7 2 5 5 2
-44888771378880 1 5 2 6 5 2
10688489272980 1 3 2 7 5 2
-465823439982 1 1 2 8 5 2
-641479484882 1 14 3 1 5 2
9661331164693 1 12 2 1 3 1 5 2
-52862788271410 1 10 2 2 3 1 5 2
133838325798970 1 8 2 3 3 1 5 2
-161028599856296 1 6 2 4 3 1 5 2
82307002335943 1 4 2 5 3 1 5 2
-12147158778004 1 2 2 6 3 1 5 2
-3348615947197 1 11 3 2 5 2
31794877621820 1 9 2 1 3 2 5 2
-100026502829030 1 7 2 2 3 2 5 2
122394075935718 1 5 2 3 3 2 5 2
-50025220426004 1 3 2 4 3 2 5 2
3090628741220 1 1 2 5 3 2 5 2
-6015654730076 1 8 3 3 5 2
30293803965828 1 6 2 1 3 3 5 2
-39580870339266 1 4 2 2 3 3 5 2
11426201388546 1 2 2 3 3 3 5 2
-3054566157404 1 5 3 4 5 2
5100331665403 1 3 2 1 3 4 5 2
-768500958048 1 1 2 2 3 4 5 2
-185384257236 1 2 3 5 5 2
581007481982 1 13 4 1 5 2
-8080079578901 1 11 2 1 4 1 5 2
39879625678681 1 9 2 2 4 1 5 2
-87877208186660 1 7 2 3 4 1 5 2
86489262115085 1 5 2 4 4 1 5 2
-31641316532744 1 3 2 5 4 1 5 2
2009586281924 1 1 2 6 4 1 5 2
5442002947688 1 10 3 1 4 1 5 2
-45753075313551 1 8 2 1 3 1 4 1 5 2
121311538625603 1 6 2 2 3 1 4 1 5 2
-113724009527106 1 4 2 3 3 1 4 1 5 2
27658179656704 1 2 2 4 3 1 4 1 5 2
12227400193716 1 7 3 2 4 1 5 2
-49598651168250 1 5 2 1 3 2 4 1 5 2
44710699217802 1 3 2 2 3 2 4 1 5 2
-5039896994017 1 1 2 3 3 2 4 1 5 2
5768787263719 1 4 3 3 4 1 5 2
-5508851735897 1 2 2 1 3 3 4 1 5 2
132920629434 1 1 3 4 4 1 5 2
-2186683229012 1 9 4 2 5 2
16085265232739 1 7 2 1 4 2 5 2
-35090006236385 1 5 2 2 4 2 5 2
23686305125336 1 3 2 3 4 2 5 2
-2481251573857 1 1 2 4 4 2 5 2
-7981712148159 1 6 3 1 4 2 5 2
24950637346037 1 4 2 1 3 1 4 2 5 2
-13440723674817 1 2 2 2 3 1 4 2 5 2
-3544089074787 1 3 3 2 4 2 5 2
1319852737526 1 1 2 1 3 2 4 2 5 2
1665664617219 1 5 4 3 5 2
-3774183793965 1 3 2 1 4 3 5 2
875336452559 1 1 2 2 4 3 5 2
776537428821 1 2 3 1 4 3 5 2
-41471671650 1 1 4 4 5 2
-156162178088 1 12 5 3
1932270845632 1 10 2 1 5 3
-8198415993845 1 8 2 2 5 3
14641600169133 1 6 2 3 5 3
-10423937011719 1 4 2 4 5 3
2062836829304 1 2 2 5 5 3
-1250118987871 1 9 3 1 5 3
8815429983218 1 7 2 1 3 1 5 3
-18089252777336 1 5 2 2 3 1 5 3
11031531117040 1 3 2 3 3 1 5 3
-951491591105 1 1 2 4 3 1 5 3
-2169583327950 1 6 3 2 5 3
6364842633719 1 4 2 1 3 2 5 3
-3091517292765 1 2 2 2 3 2 5 3
-596960238206 1 3 3 3 5 3
201258985847 1 1 2 1 3 3 5 3
968282083635 1 8 4 1 5 3
-5796788825164 1 6 2 1 4 1 5 3
9190044089912 1 4 2 2 4 1 5 3
-3364274083077 1 2 2 3 4 1 5 3
2585242588518 1 5 3 1 4 1 5 3
-5276856343230 1 3 2 1 3 1 4 1 5 3
1004743098511 1 1 2 2 3 1 4 1 5 3
535030521122 1 2 3 2 4 1 5 3
-715678095597 1 4 4 2 5 3
881152384705 1 2 2 1 4 2 5 3
-94982978035 1 1 3 1 4 2 5 3
-152402328464 1 7 5 4
710665986493 1 5 2 1 5 4
-738136093126 1 3 2 2 5 4
96015434493 1 1 2 3 5 4
-274338774414 1 4 3 1 5 4
303256927691 1 2 2 1 3 1 5 4
-16225778062 1 1 3 2 5 4
126360061387 1 3 4 1 5 4
-54965333293 1 1 2 1 4 1 5 4
-6507886385 1 2 5 5
2155381956 1 21 6 1
-87391006266 1 19 2 1 6 1
1162965530250 1 17 2 2 6 1
-7738043322288 1 15 2 3 6 1
29644091123280 1 13 2 4 6 1
-68872694130162 1 11 2 5 6 1
97490010787806 1 9 2 6 6 1
-81203820362712 1 7 2 7 6 1
36552519128160 1 5 2 8 6 1
-7435931231250 1 3 2 9 6 1
439429452330 1 1 2 10 6 1
78144701580 1 18 3 1 6 1
-1912105833204 1 16 2 1 3 1 6 1
17455130107940 1 14 2 2 3 1 6 1
-80376239785062 1 12 2 3 3 1 6 1
205551917871209 1 10 2 4 3 1 6 1
-296415137497447 1 8 2 5 3 1 6 1
230182687506034 1 6 2 6 3 1 6 1
-84433421847136 1 4 2 7 3 1 6 1
10365381308376 1 2 2 8 3 1 6 1
772383530580 1 15 3 2 6 1
-12808190929320 1 13 2 1 3 2 6 1
78923863673538 1 11 2 2 3 2 6 1
-233225242934739 1 9 2 3 3 2 6 1
347694876969086 1 7 2 4 3 2 6 1
-246820291546716 1 5 2 5 3 2 6 1
67581230476912 1 3 2 6 3 2 6 1
-3285554461812 1 1 2 7 3 2 6 1
3045933266662 1 12 3 3 6 1
-33064932478945 1 10 2 1 3 3 6 1
124483795567634 1 8 2 2 3 3 6 1
-197674575330332 1 6 2 3 3 3 6 1
124683260200208 1 4 2 4 3 3 6 1
-21686138114548 1 2 2 5 3 3 6 1
4948686842425 1 9 3 4 6 1
-30835454249072 1 7 2 1 3 4 6 1
55936393728192 1 5 2 2 3 4 6 1
-30020611098384 1 3 2 3 3 4 6 1
2268332674168 1 1 2 4 3 4 6 1
2783372445364 1 6 3 5 6 1
-7175019144026 1 4 2 1 3 5 6 1
3051050788557 1 2 2 2 3 5 6 1
305188892847 1 3 3 6 6 1
-90071046993 1 1 2 1 3 6 6 1
-75989319624 1 17 4 1 6 1
1770726562884 1 15 2 1 4 1 6 1
-15188220437038 1 13 2 2 4 1 6 1
64711032111310 1 11 2 3 4 1 6 1
-150041533665307 1 9 2 4 4 1 6 1
190528302864522 1 7 2 5 4 1 6 1
-124498379136560 1 5 2 6 4 1 6 1
35497965337344 1 3 2 7 4 1 6 1
-2862625504788 1 1 2 8 4 1 6 1
-1414789477482 1 14 3 1 4 1 6 1
21860349549207 1 12 2 1 3 1 4 1 6 1
-123177535126945 1 10 2 2 3 1 4 1 6 1
324061076412294 1 8 2 3 3 1 4 1 6 1
-412348433788050 1 6 2 4 3 1 4 1 6 1
231388958922367 1 4 2 5 3 1 4 1 6 1
-41441015948040 1 2 2 6 3 1 4 1 6 1
-7614032247187 1 11 3 2 4 1 6 1
74478833042408 1 9 2 1 3 2 4 1 6 1
-243716499680026 1 7 2 2 3 2 4 1 6 1
315969094497734 1 5 2 3 3 2 4 1 6 1
-142193018135004 1 3 2 4 3 2 4 1 6 1
10549970588572 1 1 2 5 3 2 4 1 6 1
-14163583312926 1 8 3 3 4 1 6 1
74253753117160 1 6 2 1 3 3 4 1 6 1
-102928854706098 1 4 2 2 3 3 4 1 6 1
32712135007536 1 2 2 3 3 3 4 1 6 1
-7529374952776 1 5 3 4 4 1 6 1
13344944181680 1 3 2 1 3 4 4 1 6 1
-2202635936454 1 1 2 2 3 4 4 1 6 1
-487146645513 1 2 3 5 4 1 6 1
646754093796 1 13 4 2 6 1
-9288486666334 1 11 2 1 4 2 6 1
47663166673482 1 9 2 2 4 2 6 1
-110932418363100 1 7 2 3 4 2 6 1
119361485625269 1 5 2 4 4 2 6 1
-52328216895780 1 3 2 5 4 2 6 1
6182793596704 1 1 2 6 4 2 6 1
6299300622259 1 10 3 1 4 2 6 1
-55118928084995 1 8 2 1 3 1 4 2 6 1
154741289836845 1 6 2 2 3 1 4 2 6 1
-159483931919814 1 4 2 3 3 1 4 2 6 1
47237819130126 1 2 2 4 3 1 4 2 6 1
14842082583088 1 7 3 2 4 2 6 1
-63879320560354 1 5 2 1 3 2 4 2 6 1
63530122148290 1 3 2 2 3 2 4 2 6 1
-8612508308153 1 1 2 3 3 2 4 2 6 1
7494426098785 1 4 3 3 4 2 6 1
-7894361518643 1 2 2 1 3 3 4 2 6 1
190701690633 1 1 3 4 4 2 6 1
-1726853494840 1 9 4 3 6 1
13437934137001 1 7 2 1 4 3 6 1
-32077189943539 1 5 2 2 4 3 6 1
25971503178310 1 3 2 3 4 3 6 1
-5096297206155 1 1 2 4 4 3 6 1
-6752709478037 1 6 3 1 4 3 6 1
23251139713929 1 4 2 1 3 1 4 3 6 1
-15323998052357 1 2 2 2 3 1 4 3 6 1
-3355560015275 1 3 3 2 4 3 6 1
1505571861946 1 1 2 1 3 2 4 3 6 1
1132064998884 1 5 4 4 6 1
-3080691080560 1 3 2 1 4 4 6 1
1350350469198 1 1 2 2 4 4 6 1
664936283816 1 2 3 1 4 4 6 1
-51258226480 1 1 4 5 6 1
69168296688 1 16 5 1 6 1
-1481812553212 1 14 2 1 5 1 6 1
11544183281852 1 12 2 2 5 1 6 1
-43700108309296 1 10 2 3 5 1 6 1
86916450648133 1 8 2 4 5 1 6 1
-89276407220786 1 6 2 5 5 1 6 1
42204322554232 1 4 2 6 5 1 6 1
-6571108923624 1 2 2 7 5 1 6 1
1161677679874 1 13 3 1 5 1 6 1
-16146475021973 1 11 2 1 3 1 5 1 6 1
79625917796495 1 9 2 2 3 1 5 1 6 1
-175247741517782 1 7 2 3 3 1 5 1 6 1
172160595073667 1 5 2 4 3 1 5 1 6 1
-62787095668608 1 3 2 5 3 1 5 1 6 1
3956315013640 1 1 2 6 3 1 5 1 6 1
5436094724029 1 10 3 2 5 1 6 1
-45656452322465 1 8 2 1 3 2 5 1 6 1
120867840491678 1 6 2 2 3 2 5 1 6 1
-113026996470830 1 4 2 3 3 2 5 1 6 1
27362322751197 1 2 2 4 3 2 5 1 6 1
8129668215558 1 7 3 3 5 1 6 1
-32911071573476 1 5 2 1 3 3 5 1 6 1
29568886256724 1 3 2 2 3 3 5 1 6 1
-3312300562337 1 1 2 3 3 3 5 1 6 1
2867032763567 1 4 3 4 5 1 6 1
-2725751286747 1 2 2 1 3 4 5 1 6 1
52463627802 1 1 3 5 5 1 6 1
-1049372794876 1 12 4 1 5 1 6 1
13411739961940 1 10 2 1 4 1 5 1 6 1
-59229279732370 1 8 2 2 4 1 5 1 6 1
111997416756932 1 6 2 3 4 1 5 1 6 1
-87640598296367 1 4 2 4 4 1 5 1 6 1
21099941177144 1 2 2 5 4 1 5 1 6 1
-8735187051110 1 9 3 1 4 1 5 1 6 1
64176151189693 1 7 2 1 3 1 4 1 5 1 6 1
-139727813794377 1 5 2 2 3 1 4 1 5 1 6 1
94001991107358 1 3 2 3 3 1 4 1 5 1 6 1
-9761407747641 1 1 2 4 3 1 4 1 5 1 6 1
-15909837986781 1 6 3 2 4 1 5 1 6 1
49601698084063 1 4 2 1 3 2 4 1 5 1 6 1
-26584786507943 1 2 2 2 3 2 4 1 5 1 6 1
-4687434208613 1 3 3 3 4 1 5 1 6 1
1733686785568 1 1 2 1 3 3 4 1 5 1 6 1
3472697516427 1 8 4 2 5 1 6 1
-22052868911128 1 6 2 1 4 2 5 1 6 1
38501474658310 1 4 2 2 4 2 5 1 6 1
-17225016616306 1 2 2 3 4 2 5 1 6 1
9952050192041 1 5 3 1 4 2 5 1 6 1
-22468518818303 1 3 2 1 3 1 4 2 5 1 6 1
5160779546555 1 1 2 2 3 1 4 2 5 1 6 1
2303114048318 1 2 3 2 4 2 5 1 6 1
-1989328280230 1 4 4 3 5 1 6 1
3011143723892 1 2 2 1 4 3 5 1 6 1
-325701808116 1 1 3 1 4 3 5 1 6 1
416653652166 1 11 5 2 6 1
-4674537219375 1 9 2 1 5 2 6 1
17355368761160 1 7 2 2 5 2 6 1
-25499062689027 1 5 2 3 5 2 6 1
13065063994976 1 3 2 4 5 2 6 1
-1111345238199 1 1 2 5 5 2 6 1
2899791670091 1 8 3 1 5 2 6 1
-17330907993267 1 6 2 1 3 1 5 2 6 1
27398496140047 1 4 2 2 3 1 5 2 6 1
-9974302681807 1 2 2 3 3 1 5 2 6 1
3860242638209 1 5 3 2 5 2 6 1
-7848754800080 1 3 2 1 3 2 5 2 6 1
1482997236713 1 1 2 2 3 2 5 2 6 1
528975406521 1 2 3 3 5 2 6 1
-2205728433596 1 7 4 1 5 2 6 1
10936391680141 1 5 2 1 4 1 5 2 6 1
-12563491439561 1 3 2 2 4 1 5 2 6 1
1975469246594 1 1 2 3 4 1 5 2 6 1
-4268288141427 1 4 3 1 4 1 5 2 6 1
5222778089818 1 2 2 1 3 1 4 1 5 2 6 1
-280161452804 1 1 3 2 4 1 5 2 6 1
1073973268037 1 3 4 2 5 2 6 1
-566308073498 1 1 2 1 4 2 5 2 6 1
436083297523 1 6 5 3 6 1
-1581858036435 1 4 2 1 5 3 6 1
990170572567 1 2 2 2 5 3 6 1
501000266279 1 3 3 1 5 3 6 1
-215840038274 1 1 2 1 3 1 5 3 6 1
-187087000240 1 2 4 1 5 3 6 1
6507886385 1 1 5 4 6 1
-33506457366 1 15 6 2
678877728881 1 13 2 1 6 2
-4918002750171 1 11 2 2 6 2
16957824623152 1 9 2 3 6 2
-29840889370632 1 7 2 4 6 2
25918311124060 1 5 2 5 6 2
-9571020712788 1 3 2 6 6 2
982834673788 1 1 2 7 6 2
-524511135533 1 12 3 1 6 2
6699536001643 1 10 2 1 3 1 6 2
-29559215685387 1 8 2 2 3 1 6 2
55816452382606 1 6 2 3 3 1 6 2
-43584651753827 1 4 2 4 3 1 6 2
10456586079451 1 2 2 5 3 1 6 2
-2181112286292 1 9 3 2 6 2
16005157610927 1 7 2 1 3 2 6 2
-34782349068425 1 5 2 2 3 2 6 2
23325801855004 1 3 2 3 3 2 6 2
-2403525402704 1 1 2 4 3 2 6 2
-2643187134475 1 6 3 3 6 2
8219588003261 1 4 2 1 3 3 6 2
-4384303976871 1 2 2 2 3 3 6 2
-581414769615 1 3 3 4 6 2
213652463581 1 1 2 1 3 4 6 2
472678253435 1 11 4 1 6 2
-5533100466059 1 9 2 1 4 1 6 2
21737654050647 1 7 2 2 4 1 6 2
-34954895134365 1 5 2 3 4 1 6 2
21488404036185 1 3 2 4 4 1 6 2
-3426844797645 1 1 2 5 4 1 6 2
3467499060999 1 8 3 1 4 1 6 2
-21988459171891 1 6 2 1 3 1 4 1 6 2
38302455433019 1 4 2 2 3 1 4 1 6 2
-17070811520966 1 2 2 3 3 1 4 1 6 2
4956262378573 1 5 3 2 4 1 6 2
-11151500169024 1 3 2 1 3 2 4 1 6 2
2539523549980 1 1 2 2 3 2 4 1 6 2
759424112682 1 2 3 3 4 1 6 2
-1366695735532 1 7 4 2 6 2
7428363506365 1 5 2 1 4 2 6 2
-10252221518151 1 3 2 2 4 2 6 2
3050364735258 1 1 2 3 4 2 6 2
-2969425710428 1 4 3 1 4 2 6 2
4475961460346 1 2 2 1 3 1 4 2 6 2
-240217926922 1 1 3 2 4 2 6 2
578100393042 1 3 4 3 6 2
-583895623888 1 1 2 1 4 3 6 2
-369133710609 1 10 5 1 6 2
3731429121191 1 8 2 1 5 1 6 2
-11978054555575 1 6 2 2 5 1 6 2
14112781121034 1 4 2 3 5 1 6 2
-4807050805408 1 2 2 4 5 1 6 2
-2201268470463 1 7 3 1 5 1 6 2
10891876831257 1 5 2 1 3 1 5 1 6 2
-12466009989927 1 3 2 2 3 1 5 1 6 2
1940096457302 1 1 2 3 3 1 5 1 6 2
-2121962358872 1 4 3 2 5 1 6 2
2581315035910 1 2 2 1 3 2 5 1 6 2
-91901258598 1 1 3 3 5 1 6 2
1645700648838 1 6 4 1 5 1 6 2
-6594714973042 1 4 2 1 4 1 5 1 6 2
5079047099960 1 2 2 2 4 1 5 1 6 2
2131639745656 1 3 3 1 4 1 5 1 6 2
-1111222587842 1 1 2 1 3 1 4 1 5 1 6 2
-480435853844 1 2 4 2 5 1 6 2
-452244506219 1 5 5 2 6 2
1201513624434 1 3 2 1 5 2 6 2
-323225590796 1 1 2 2 5 2 6 2
-277068887974 1 2 3 1 5 2 6 2
67234825238 1 1 4 1 5 2 6 2
108642236531 1 9 6 3
-984849806907 1 7 2 1 6 3
2711102702773 1 5 2 2 6 3
-2531851786710 1 3 2 3 6 3
575859999821 1 1 2 4 6 3
547282847702 1 6 3 1 6 3
-2187838716218 1 4 2 1 3 1 6 3
1677826260774 1 2 2 2 3 1 6 3
352742029110 1 3 3 2 6 3
-182043227254 1 1 2 1 3 2 6 3
-403941358336 1 5 4 1 6 3
1292495682814 1 3 2 1 4 1 6 3
-667288624674 1 1 2 2 4 1 6 3
-317415823480 1 2 3 1 4 1 6 3
69523331640 1 1 4 2 6 3
201535493184 1 4 5 1 6 3
-364086454508 1 2 2 1 5 1 6 3
43899509724 1 1 3 1 5 1 6 3
-32971956024 1 3 6 4
40272766401 1 1 2 1 6 4
-2155381956 1 20 7 1
80850094434 1 18 2 1 7 1
-1000945750128 1 16 2 2 7 1
6142708004640 1 14 2 3 7 1
-21370102868790 1 12 2 4 7 1
44041034497668 1 10 2 5 7 1
-53343767513652 1 8 2 6 7 1
35831527904844 1 6 2 7 7 1
-11629437907500 1 4 2 8 7 1
1287751264650 1 2 2 9 7 1
-71603789748 1 17 3 1 7 1
1622609702668 1 15 2 1 3 1 7 1
-13569366701084 1 13 2 2 3 1 7 1
56176869734089 1 11 2 3 3 1 7 1
-125495530987526 1 9 2 4 3 1 7 1
150993447933418 1 7 2 5 3 1 7 1
-90257832627620 1 5 2 6 3 1 7 1
21466292816484 1 3 2 7 3 1 7 1
-931646879964 1 1 2 8 3 1 7 1
-644907180166 1 14 3 2 7 1
9717848634065 1 12 2 1 3 2 7 1
-53184138271329 1 10 2 2 3 2 7 1
134650231003132 1 8 2 3 3 2 7 1
-161954474572380 1 6 2 4 3 2 7 1
82712020666842 1 4 2 5 3 2 7 1
-12182214055844 1 2 2 6 3 2 7 1
-2246019060615 1 11 3 3 7 1
21328868304359 1 9 2 1 3 3 7 1
-67090861109538 1 7 2 2 3 3 7 1
82048366815454 1 5 2 3 3 3 7 1
-33491488654644 1 3 2 4 3 3 7 1
2062836829304 1 1 2 5 3 3 7 1
-3026966273565 1 8 3 4 7 1
15238435618346 1 6 2 1 3 4 7 1
-19892751153294 1 4 2 2 3 4 7 1
5731556840729 1 2 2 3 3 4 7 1
-1229003592316 1 5 3 5 7 1
2049463658740 1 3 2 1 3 5 7 1
-307988570145 1 1 2 2 3 5 7 1
-62023574412 1 2 3 6 7 1
69448407792 1 16 4 1 7 1
-1489926726136 1 14 2 1 4 1 7 1
11619671649768 1 12 2 2 4 1 7 1
-44029056873071 1 10 2 3 4 1 7 1
87662064100301 1 8 2 4 4 1 7 1
-90152160834404 1 6 2 5 4 1 7 1
42684612424092 1 4 2 6 4 1 7 1
-6660423194148 1 2 2 7 4 1 7 1
1168533070442 1 13 3 1 4 1 7 1
-16259452787731 1 11 2 1 3 1 4 1 7 1
80267423761660 1 9 2 2 3 1 4 1 7 1
-176864067685212 1 7 2 3 3 1 4 1 7 1
173992951934533 1 5 2 4 3 1 4 1 7 1
-63576187658936 1 3 2 5 3 1 4 1 7 1
4019172563848 1 1 2 6 3 1 4 1 7 1
5476862838494 1 10 3 2 4 1 7 1
-46051242717607 1 8 2 1 3 2 4 1 7 1
122071380618203 1 6 2 2 3 2 4 1 7 1
-114340645073670 1 4 2 3 3 2 4 1 7 1
27746493061196 1 2 2 4 3 2 4 1 7 1
8205358610044 1 7 3 3 4 1 7 1
-33266518040458 1 5 2 1 3 3 4 1 7 1
29946608516504 1 3 2 2 3 3 4 1 7 1
-3364274083077 1 1 2 3 3 3 4 1 7 1
2900783638728 1 4 3 4 4 1 7 1
-2764215052204 1 2 2 1 3 4 4 1 7 1
53279636445 1 1 3 5 4 1 7 1
-527974037170 1 12 4 2 7 1
6756113813271 1 10 2 1 4 2 7 1
-29872468188781 1 8 2 2 4 2 7 1
56563230320063 1 6 2 3 4 2 7 1
-44337985336100 1 4 2 4 4 2 7 1
10700374388032 1 2 2 5 4 2 7 1
-4402886036172 1 9 3 1 4 2 7 1
32390087030659 1 7 2 1 3 1 4 2 7 1
-70631736678411 1 5 2 2 3 1 4 2 7 1
47617218900890 1 3 2 3 3 1 4 2 7 1
-4962503147714 1 1 2 4 3 1 4 2 7 1
-8036191480735 1 6 3 2 4 2 7 1
25100002127926 1 4 2 1 3 2 4 2 7 1
-13488219098748 1 2 2 2 3 2 4 2 7 1
-2374951547909 1 3 3 3 4 2 7 1
881152384705 1 1 2 1 3 3 4 2 7 1
1167694111399 1 8 4 3 7 1
-7426785766616 1 6 2 1 4 3 7 1
12990977797704 1 4 2 2 4 3 7 1
-5827551175907 1 2 2 3 4 3 7 1
3354885640273 1 5 3 1 4 3 7 1
-7591867460055 1 3 2 1 3 1 4 3 7 1
1750672905118 1 1 2 2 3 1 4 3 7 1
779573211363 1 2 3 2 4 3 7 1
-503628129451 1 4 4 4 7 1
764598818770 1 2 2 1 4 4 7 1
-82943343300 1 1 3 1 4 4 7 1
-62627384856 1 15 5 1 7 1
1228183026176 1 13 2 1 5 1 7 1
-8622144026114 1 11 2 2 5 1 7 1
28620105963105 1 9 2 3 5 1 7 1
-47732221149422 1 7 2 4 5 1 7 1
37971174222392 1 5 2 5 5 1 7 1
-11722197355920 1 3 2 6 5 1 7 1
649124562408 1 1 2 7 5 1 7 1
-942591582546 1 12 3 1 5 1 7 1
11668733758417 1 10 2 1 3 1 5 1 7 1
-49515512146278 1 8 2 2 3 1 5 1 7 1
88407355078015 1 6 2 3 3 1 5 1 7 1
-62884725711694 1 4 2 4 3 1 5 1 7 1
12414206327413 1 2 2 5 3 1 5 1 7 1
-3775571281724 1 9 3 2 5 1 7 1
26623300793019 1 7 2 1 3 2 5 1 7 1
-54601527260335 1 5 2 2 3 2 5 1 7 1
33248885978262 1 3 2 3 3 2 5 1 7 1
-2856962511137 1 1 2 4 3 2 5 1 7 1
-4368149485011 1 6 3 3 5 1 7 1
12802776823714 1 4 2 1 3 3 5 1 7 1
-6204291435276 1 2 2 2 3 3 5 1 7 1
-899958166999 1 3 3 4 5 1 7 1
302441435007 1 1 2 1 3 4 5 1 7 1
838982991336 1 11 4 1 5 1 7 1
-9425306745342 1 9 2 1 4 1 5 1 7 1
35042049641486 1 7 2 2 4 1 5 1 7 1
-51569633091901 1 5 2 3 4 1 5 1 7 1
26482513369911 1 3 2 4 4 1 5 1 7 1
-2262153357815 1 1 2 5 4 1 5 1 7 1
5850806803320 1 8 3 1 4 1 5 1 7 1
-35021797285903 1 6 2 1 3 1 4 1 5 1 7 1
55473334116377 1 4 2 2 3 1 4 1 5 1 7 1
-20253069167858 1 2 2 3 3 1 4 1 5 1 7 1
7808163149802 1 5 3 2 4 1 5 1 7 1
-15912494298155 1 3 2 1 3 2 4 1 5 1 7 1
3017125484743 1 1 2 2 3 2 4 1 5 1 7 1
1074119230729 1 2 3 3 4 1 5 1 7 1
-2227022324100 1 7 4 2 5 1 7 1
11062499231267 1 5 2 1 4 2 5 1 7 1
-12740159287425 1 3 2 2 4 2 5 1 7 1
2012569106047 1 1 2 3 4 2 5 1 7 1
-4322861518965 1 4 3 1 4 2 5 1 7 1
5306541653201 1 2 2 1 3 1 4 2 5 1 7 1
-285249864518 1 1 3 2 4 2 5 1 7 1
726462247322 1 3 4 3 5 1 7 1
-385034521004 1 1 2 1 4 3 5 1 7 1
-325043905252 1 10 5 2 7 1
3150935011762 1 8 2 1 5 2 7 1
-9547874046378 1 6 2 2 5 2 7 1
10232943376464 1 4 2 3 5 2 7 1
-2859450248959 1 2 2 4 5 2 7 1
-1842284164310 1 7 3 1 5 2 7 1
8586590235786 1 5 2 1 3 1 5 2 7 1
-8903500880106 1 3 2 2 3 1 5 2 7 1
1152646047183 1 1 2 3 3 1 5 2 7 1
-1656617104155 1 4 3 2 5 2 7 1
1826200853802 1 2 2 1 3 2 5 2 7 1
-65011436521 1 1 3 3 5 2 7 1
1322314355187 1 6 4 1 5 2 7 1
-4807688731995 1 4 2 1 4 1 5 2 7 1
3020021673953 1 2 2 2 4 1 5 2 7 1
1525094918159 1 3 3 1 4 1 5 2 7 1
-659873746708 1 1 2 1 3 1 4 1 5 2 7 1
-285550794931 1 2 4 2 5 2 7 1
-239185028000 1 5 5 3 7 1
573869526969 1 3 2 1 5 3 7 1
-127879352701 1 1 2 2 5 3 7 1
-130665007527 1 2 3 1 5 3 7 1
26585804224 1 1 4 1 5 3 7 1
60472002900 1 14 6 1 7 1
-1112822224514 1 12 2 1 6 1 7 1
7187544090506 1 10 2 2 6 1 7 1
-21373353871669 1 8 2 3 6 1 7 1
30633929805114 1 6 2 4 6 1 7 1
-19414819439512 1 4 2 5 6 1 7 1
3956315013640 1 2 2 6 6 1 7 1
838632467526 1 11 3 1 6 1 7 1
-9413845021396 1 9 2 1 3 1 6 1 7 1
34955845865672 1 7 2 2 3 1 6 1 7 1
-51340621295381 1 5 2 3 3 1 6 1 7 1
26272458651133 1 3 2 4 3 1 6 1 7 1
-2222690476398 1 1 2 5 3 1 6 1 7 1
2920637566043 1 8 3 2 6 1 7 1
-17453790826863 1 6 2 1 3 2 6 1 7 1
27570429433656 1 4 2 2 3 2 6 1 7 1
-10011703676603 1 2 2 3 3 2 6 1 7 1
2591369499299 1 5 3 3 6 1 7 1
-5261030608454 1 3 2 1 3 3 6 1 7 1
990170572567 1 1 2 2 3 3 6 1 7 1
265582173582 1 2 3 4 6 1 7 1
-743662997118 1 10 4 1 6 1 7 1
7528817129964 1 8 2 1 4 1 6 1 7 1
-24206856375174 1 6 2 2 4 1 6 1 7 1
28577721092286 1 4 2 3 4 1 6 1 7 1
-9761407747641 1 2 2 4 4 1 6 1 7 1
-4445025878514 1 7 3 1 4 1 6 1 7 1
22034359500835 1 5 2 1 3 1 4 1 6 1 7 1
-25280138149617 1 3 2 2 3 1 4 1 6 1 7 1
3950938493188 1 1 2 3 3 1 4 1 6 1 7 1
-4297974375139 1 4 3 2 4 1 6 1 7 1
5244495822932 1 2 2 1 3 2 4 1 6 1 7 1
-187087000240 1 1 3 3 4 1 6 1 7 1
1663187847279 1 6 4 2 6 1 7 1
-6679795781017 1 4 2 1 4 2 6 1 7 1
5160779546555 1 2 2 2 4 2 6 1 7 1
2162640296796 1 3 3 1 4 2 6 1 7 1
-1132616146996 1 1 2 1 3 1 4 2 6 1 7 1
-325701808116 1 2 4 3 6 1 7 1
563744221178 1 9 5 1 6 1 7 1
-4819860233208 1 7 2 1 5 1 6 1 7 1
12122731253334 1 5 2 2 5 1 6 1 7 1
-9444424849393 1 3 2 3 5 1 6 1 7 1
1139374348643 1 1 2 4 5 1 6 1 7 1
2637086925278 1 6 3 1 5 1 6 1 7 1
-9558107909635 1 4 2 1 3 1 5 1 6 1 7 1
5964589035827 1 2 2 2 3 1 5 1 6 1 7 1
1512159598864 1 3 3 2 5 1 6 1 7 1
-648258990512 1 1 2 1 3 2 5 1 6 1 7 1
-1830673269550 1 5 4 1 5 1 6 1 7 1
4878002435224 1 3 2 1 4 1 5 1 6 1 7 1
-1319507456504 1 1 2 2 4 1 5 1 6 1 7 1
-1127477919216 1 2 3 1 4 1 5 1 6 1 7 1
137396208448 1 1 4 2 5 1 6 1 7 1
444422764019 1 4 5 2 6 1 7 1
-648997866202 1 2 2 1 5 2 6 1 7 1
78135533564 1 1 3 1 5 2 6 1 7 1
-243013256467 1 8 6 2 7 1
1813435014161 1 6 2 1 6 2 7 1
-3697402036185 1 4 2 2 6 2 7 1
1940096457302 1 2 2 3 6 2 7 1
-912187428240 1 5 3 1 6 2 7 1
2420512721806 1 3 2 1 3 1 6 2 7 1
-646451181592 1 1 2 2 3 1 6 2 7 1
-278434000154 1 2 3 2 6 2 7 1
612791520292 1 4 4 1 6 2 7 1
-1111222587842 1 2 2 1 4 1 6 2 7 1
134469650476 1 1 3 1 4 1 6 2 7 1
-253450186284 1 3 5 1 6 2 7 1
159095879180 1 1 2 1 5 1 6 2 7 1
43899509724 1 2 6 3 7 1
-26965545534 1 13 7 2
447103309245 1 11 2 1 7 2
-2540683212133 1 9 2 2 7 2
6368441644384 1 7 2 3 7 2
-7116442390574 1 5 2 4 7 2
2967725521036 1 3 2 5 7 2
-215664501201 1 1 2 6 7 2
-327280145605 1 10 3 1 7 2
3173993401707 1 8 2 1 3 1 7 2
-9616915153168 1 6 2 2 3 1 7 2
10297966858821 1 4 2 3 3 1 7 2
-2869489786153 1 2 2 4 3 1 7 2
-928067789907 1 7 3 2 7 2
4323713517620 1 5 2 1 3 2 7 2
-4476081805237 1 3 2 2 3 2 7 2
576848445585 1 1 2 3 3 2 7 2
-555890089492 1 4 3 3 7 2
611167240765 1 2 2 1 3 3 7 2
-16286589487 1 1 3 4 7 2
284143557295 1 9 4 1 7 2
-2433545938459 1 7 2 1 4 1 7 2
6132753788858 1 5 2 2 4 1 7 2
-4790551141371 1 3 2 3 4 1 7 2
580933188717 1 1 2 4 4 1 7 2
1332756730427 1 6 3 1 4 1 7 2
-4841689794388 1 4 2 1 3 1 4 1 7 2
3031851623372 1 2 2 2 3 1 4 1 7 2
767197541198 1 3 3 2 4 1 7 2
-330268720344 1 1 2 1 3 2 4 1 7 2
-463179514503 1 5 4 2 7 2
1237876163274 1 3 2 1 4 2 7 2
-336776879650 1 1 2 2 4 2 7 2
-286797226490 1 2 3 1 4 2 7 2
23406235232 1 1 4 3 7 2
-207769324181 1 8 5 1 7 2
1458488851887 1 6 2 1 5 1 7 2
-2697254925622 1 4 2 2 5 1 7 2
1154157724437 1 2 2 3 5 1 7 2
-723276833043 1 5 3 1 5 1 7 2
1732202841800 1 3 2 1 3 1 5 1 7 2
-383755598108 1 1 2 2 3 1 5 1 7 2
-196838319070 1 2 3 2 5 1 7 2
450575891540 1 4 4 1 5 1 7 2
-660827187880 1 2 2 1 4 1 5 1 7 2
79784173172 1 1 3 1 4 1 5 1 7 2
-91094125872 1 3 5 2 7 2
47150073764 1 1 2 1 5 2 7 2
173258616953 1 7 6 1 7 2
-1020523240071 1 5 2 1 6 1 7 2
1388810133086 1 3 2 2 6 1 7 2
-257576522520 1 1 2 3 6 1 7 2
448129584202 1 4 3 1 6 1 7 2
-652048819904 1 2 2 1 3 1 6 1 7 2
39114812408 1 1 3 2 6 1 7 2
-257507129004 1 3 4 1 6 1 7 2
162764143636 1 1 2 1 4 1 6 1 7 2
78270521760 1 2 5 1 6 1 7 2
-10927553700 1 1 6 2 7 2
-38887597017 1 6 7 3
169893630493 1 4 2 1 7 3
-127996892706 1 2 2 2 7 3
-61180601340 1 3 3 1 7 3
31438065984 1 1 2 1 3 1 7 3
26612564724 1 2 4 1 7 3
-4311426336 1 1 5 1 7 3
2155381956 1 19 8 1
-78694712478 1 17 2 1 8 1
928734776496 1 15 2 2 8 1
-5357610886950 1 13 2 3 8 1
17249078476890 1 11 2 4 8 1
-32230758601062 1 9 2 5 8 1
34373383528860 1 7 2 6 8 1
-19423626756156 1 5 2 7 8 1
4898303951940 1 3 2 8 8 1
-356104384686 1 1 2 9 8 1
69448407792 1 16 3 1 8 1
-1489589442046 1 14 2 1 3 1 8 1
11611255504147 1 12 2 2 3 1 8 1
-43963489201369 1 10 2 3 3 1 8 1
87434327649021 1 8 2 4 3 1 8 1
-89772582092750 1 6 2 5 3 1 8 1
42401379797206 1 4 2 6 3 1 8 1
-6590312638468 1 2 2 7 3 1 8 1
584097893176 1 13 3 2 8 1
-8122272678993 1 11 2 1 3 2 8 1
40058765672142 1 9 2 2 3 2 8 1
-88142699370390 1 7 2 3 3 2 8 1
86525876008910 1 5 2 4 3 2 8 1
-31503249656164 1 3 2 5 3 2 8 1
1974531004084 1 1 2 6 3 2 8 1
1823457184790 1 10 3 3 8 1
-15313982927819 1 8 2 1 3 3 8 1
40520724616102 1 6 2 2 3 3 8 1
-37845109502134 1 4 2 3 3 3 8 1
9135040962035 1 2 2 4 3 3 8 1
2045097355392 1 7 3 4 8 1
-8272038492200 1 5 2 1 3 4 8 1
7417618545631 1 3 2 2 3 4 8 1
-827339906927 1 1 2 3 3 4 8 1
576138768763 1 4 3 5 8 1
-546192020358 1 2 2 1 3 5 8 1
8743937967 1 1 3 6 8 1
-67293025836 1 15 4 1 8 1
1365532346596 1 13 2 1 4 1 8 1
-9903134895623 1 11 2 2 4 1 8 1
34180224173050 1 9 2 3 4 1 8 1
-60207139983046 1 7 2 4 4 1 8 1
52352189691386 1 5 2 5 4 1 8 1
-19360043340020 1 3 2 6 4 1 8 1
1992126067892 1 1 2 7 4 1 8 1
-1055540377544 1 12 3 1 4 1 8 1
13497199512285 1 10 2 1 3 1 4 1 8 1
-59612104192858 1 8 2 2 3 1 4 1 8 1
112686599532239 1 6 2 3 3 1 4 1 8 1
-88103760423893 1 4 2 4 3 1 4 1 8 1
21172430604547 1 2 2 5 3 1 4 1 8 1
-4396501402925 1 9 3 2 4 1 8 1
32296676922468 1 7 2 1 3 2 4 1 8 1
-70269719568224 1 5 2 2 3 2 4 1 8 1
47191477420444 1 3 2 3 3 2 4 1 8 1
-4871702005400 1 1 2 4 3 2 4 1 8 1
-5337095474960 1 6 3 3 4 1 8 1
16618393173457 1 4 2 1 3 3 4 1 8 1
-8878387076979 1 2 2 2 3 3 4 1 8 1
-1176490619478 1 3 3 4 4 1 8 1
433070665562 1 1 2 1 3 4 4 1 8 1
475790631262 1 11 4 2 8 1
-5576462464921 1 9 2 1 4 2 8 1
21933835173617 1 7 2 2 4 2 8 1
-35315968179775 1 5 2 3 4 2 8 1
21745156166709 1 3 2 4 4 2 8 1
-3475717882503 1 1 2 5 4 2 8 1
3496874764533 1 8 3 1 4 2 8 1
-22202755876341 1 6 2 1 3 1 4 2 8 1
38731477022795 1 4 2 2 3 1 4 2 8 1
-17294181488069 1 2 2 3 3 1 4 2 8 1
5008445936410 1 5 3 2 4 2 8 1
-11287004619245 1 3 2 1 3 2 4 2 8 1
2575617744536 1 1 2 2 3 2 4 2 8 1
769443457794 1 2 3 3 4 2 8 1
-919482399504 1 7 4 3 8 1
5005166576437 1 5 2 1 4 3 8 1
-6920386013761 1 3 2 2 4 3 8 1
2064309164742 1 1 2 3 4 3 8 1
-2002739829723 1 4 3 1 4 3 8 1
3025193006899 1 2 2 1 3 1 4 3 8 1
-162549973645 1 1 3 2 4 3 8 1
292833646315 1 3 4 4 8 1
-296620954466 1 1 2 1 4 4 8 1
60472002900 1 14 5 1 8 1
-1112765051528 1 12 2 1 5 1 8 1
7186350055833 1 10 2 2 5 1 8 1
-21365869630775 1 8 2 3 5 1 8 1
30614537233812 1 6 2 4 5 1 8 1
-19393874768042 1 4 2 5 5 1 8 1
3949062008168 1 2 2 6 5 1 8 1
838575294540 1 11 3 1 5 1 8 1
-9411785747101 1 9 2 1 3 1 5 1 8 1
34939808321643 1 7 2 2 3 1 5 1 8 1
-51297321323295 1 5 2 3 3 1 5 1 8 1
26232603849208 1 3 2 4 3 1 5 1 8 1
-2215437470926 1 1 2 5 3 1 5 1 8 1
2919772326421 1 8 3 2 5 1 8 1
-17443102752117 1 6 2 1 3 2 5 1 8 1
27538887758792 1 4 2 2 3 2 5 1 8 1
-9989852611519 1 2 2 3 3 2 5 1 8 1
2589234727688 1 5 3 3 5 1 8 1
-5252839411017 1 3 2 1 3 3 5 1 8 1
987229637938 1 1 2 2 3 3 5 1 8 1
265025250225 1 2 3 4 5 1 8 1
-743592584412 1 10 4 1 5 1 8 1
7526763585406 1 8 2 1 4 1 5 1 8 1
-24193285630963 1 6 2 2 4 1 5 1 8 1
28548323630234 1 4 2 3 4 1 5 1 8 1
-9743404010800 1 2 2 4 4 1 5 1 8 1
-4443363493208 1 7 3 1 4 1 5 1 8 1
22017317962945 1 5 2 1 3 1 4 1 5 1 8 1
-25242389736613 1 3 2 2 3 1 4 1 5 1 8 1
3937449398724 1 1 2 3 3 1 4 1 5 1 8 1
-4293278396001 1 4 3 2 4 1 5 1 8 1
5232779225653 1 2 2 1 3 2 4 1 5 1 8 1
-186509628411 1 1 3 3 4 1 5 1 8 1
1662403941315 1 6 4 2 5 1 8 1
-6673362945356 1 4 2 1 4 2 5 1 8 1
5151235489072 1 2 2 2 4 2 5 1 8 1
2159497676915 1 3 3 1 4 2 5 1 8 1
-1128574720741 1 1 2 1 3 1 4 2 5 1 8 1
-325099947290 1 2 4 3 5 1 8 1
281836904236 1 9 5 2 8 1
-2409031844198 1 7 2 1 5 2 8 1
6056544741452 1 5 2 2 5 2 8 1
-4714712661459 1 3 2 3 5 2 8 1
567429853133 1 1 2 4 5 2 8 1
1317840769859 1 6 3 1 5 2 8 1
-4773615790117 1 4 2 1 3 1 5 2 8 1
2975093203688 1 2 2 2 3 1 5 2 8 1
754849927217 1 3 3 2 5 2 8 1
-323033807019 1 1 2 1 3 2 5 2 8 1
-914701369324 1 5 4 1 5 2 8 1
2435241801303 1 3 2 1 4 1 5 2 8 1
-657002412638 1 1 2 2 4 1 5 2 8 1
-562343078407 1 2 3 1 4 1 5 2 8 1
68397173811 1 1 4 2 5 2 8 1
147978713027 1 4 5 3 8 1
-215752162473 1 2 2 1 5 3 8 1
25943669739 1 1 3 1 5 3 8 1
-58316620944 1 13 6 1 8 1
1006027102538 1 11 2 1 6 1 8 1
-5958712960215 1 9 2 2 6 1 8 1
15783311378460 1 7 2 3 6 1 8 1
-19268041946628 1 5 2 4 6 1 8 1
9614322453968 1 3 2 5 6 1 8 1
-1302295534840 1 1 2 6 6 1 8 1
-743239032192 1 10 3 1 6 1 8 1
7516583461188 1 8 2 1 3 1 6 1 8 1
-24126565463503 1 6 2 2 3 1 6 1 8 1
28404940531152 1 4 2 3 3 1 6 1 8 1
-9656575732373 1 2 2 4 3 1 6 1 8 1
-2217562221858 1 7 3 2 6 1 8 1
10966754737388 1 5 2 1 3 2 6 1 8 1
-12529206083092 1 3 2 2 3 2 6 1 8 1
1936556574544 1 1 2 3 3 2 6 1 8 1
-1423387110058 1 4 3 3 6 1 8 1
1725225150929 1 2 2 1 3 3 6 1 8 1
-45921994368 1 1 3 4 6 1 8 1
656895442866 1 9 4 1 6 1 8 1
-5964072566580 1 7 2 1 4 1 6 1 8 1
16444107757264 1 5 2 2 4 1 6 1 8 1
-15386419602292 1 3 2 3 4 1 6 1 8 1
3509228528376 1 1 2 4 4 1 6 1 8 1
3317141936082 1 6 3 1 4 1 6 1 8 1
-13284077970426 1 4 2 1 3 1 4 1 6 1 8 1
10210278882229 1 2 2 2 3 1 4 1 6 1 8 1
2144168645132 1 3 3 2 4 1 6 1 8 1
-1109206097020 1 1 2 1 3 2 4 1 6 1 8 1
-1225405221056 1 5 4 2 6 1 8 1
3929634669718 1 3 2 1 4 2 6 1 8 1
-2035102183755 1 1 2 2 4 2 6 1 8 1
-966576731578 1 2 3 1 4 2 6 1 8 1
141493129204 1 1 4 3 6 1 8 1
-485953071818 1 8 5 1 6 1 8 1
3625303738856 1 6 2 1 5 1 6 1 8 1
-7387991136639 1 4 2 2 5 1 6 1 8 1
3873113149088 1 2 2 3 5 1 6 1 8 1
-1823210748280 1 5 3 1 5 1 6 1 8 1
4834141735478 1 3 2 1 3 1 5 1 6 1 8 1
-1288150038899 1 1 2 2 3 1 5 1 6 1 8 1
-555586092870 1 2 3 2 5 1 6 1 8 1
1224570055172 1 4 4 1 5 1 6 1 8 1
-2218412194040 1 2 2 1 4 1 5 1 6 1 8 1
267906787896 1 1 3 1 4 1 5 1 6 1 8 1
-253090819886 1 3 5 2 6 1 8 1
158370426750 1 1 2 1 5 2 6 1 8 1
208429108123 1 7 6 2 8 1
-1347845894160 1 5 2 1 6 2 8 1
2201798130652 1 3 2 2 6 2 8 1
-778492230670 1 1 2 3 6 2 8 1
609818852480 1 4 3 1 6 2 8 1
-1099434953318 1 2 2 1 3 1 6 2 8 1
65734724862 1 1 3 2 6 2 8 1
-401365498564 1 3 4 1 6 2 8 1
492128770914 1 1 2 1 4 1 6 2 8 1
131469449724 1 2 5 1 6 2 8 1
-22044402324 1 1 6 3 8 1
51775709112 1 12 7 1 8 1
-796107790302 1 10 2 1 7 1 8 1
4082648272655 1 8 2 2 7 1 8 1
-8864110121364 1 6 2 3 7 1 8 1
7962521925138 1 4 2 4 7 1 8 1
-2215437470926 1 2 2 5 7 1 8 1
567863149664 1 9 3 1 7 1 8 1
-4856309790428 1 7 2 1 3 1 7 1 8 1
12207681464664 1 5 2 2 3 1 7 1 8 1
-9491199051313 1 3 2 3 3 1 7 1 8 1
1134859706266 1 1 2 4 3 1 7 1 8 1
1328531804171 1 6 3 2 7 1 8 1
-4808953848237 1 4 2 1 3 2 7 1 8 1
2988497493562 1 2 2 2 3 2 7 1 8 1
506498457523 1 3 3 3 7 1 8 1
-215752162473 1 1 2 1 3 3 7 1 8 1
-490215854126 1 8 4 1 7 1 8 1
3664494650758 1 6 2 1 4 1 7 1 8 1
-7485615582655 1 4 2 2 4 1 7 1 8 1
3937449398724 1 2 2 3 4 1 7 1 8 1
-1845135445508 1 5 3 1 4 1 7 1 8 1
4906414841515 1 3 2 1 3 1 4 1 7 1 8 1
-1314004825276 1 1 2 2 3 1 4 1 7 1 8 1
-565157271581 1 2 3 2 4 1 7 1 8 1
620610761327 1 4 4 2 7 1 8 1
-1128574720741 1 2 2 1 4 2 7 1 8 1
136794347622 1 1 3 1 4 2 7 1 8 1
346443792790 1 7 5 1 7 1 8 1
-2039725538254 1 5 2 1 5 1 7 1 8 1
2773366352278 1 3 2 2 5 1 7 1 8 1
-512825603809 1 1 2 3 5 1 7 1 8 1
895340407782 1 4 3 1 5 1 7 1 8 1
-1300764569623 1 2 2 1 3 1 5 1 7 1 8 1
77939333490 1 1 3 2 5 1 7 1 8 1
-514274277398 1 3 4 1 5 1 7 1 8 1
323978723544 1 1 2 1 4 1 5 1 7 1 8 1
78047657763 1 2 5 2 7 1 8 1
-286045231006 1 6 6 1 7 1 8 1
1383691433620 1 4 2 1 6 1 7 1 8 1
-1288150038899 1 2 2 2 6 1 7 1 8 1
-510703800226 1 3 3 1 6 1 7 1 8 1
316740853500 1 1 2 1 3 1 6 1 7 1 8 1
267906787896 1 2 4 1 6 1 7 1 8 1
-43481135352 1 1 5 1 6 1 7 1 8 1
90774936495 1 5 7 2 8 1
-296059857558 1 3 2 1 7 2 8 1
96558826722 1 1 2 2 7 2 8 1
78499904202 1 2 3 1 7 2 8 1
-22301138388 1 1 4 1 7 2 8 1
-24810163578 1 11 8 2
353315907393 1 9 2 1 8 2
-1628191978684 1 7 2 2 8 2
3038760939866 1 5 2 3 8 2
-2170743844673 1 3 2 4 8 2
405493584192 1 1 2 5 8 2
-244894430395 1 8 3 1 8 2
1827643585397 1 6 2 1 3 1 8 2
-3722697631358 1 4 2 2 3 1 8 2
1947826189508 1 2 2 3 3 1 8 2
-459564292778 1 5 3 2 8 2
1216384408405 1 3 2 1 3 2 8 2
-321473864037 1 1 2 2 3 2 8 2
-92913588843 1 2 3 3 8 2
210383723167 1 7 4 1 8 2
-1363338601557 1 5 2 1 4 1 8 2
2232465117719 1 3 2 2 4 1 8 2
-792052857625 1 1 2 3 4 1 8 2
617641964691 1 4 3 1 4 1 8 2
-1116671408775 1 2 2 1 3 1 4 1 8 2
66861594831 1 1 3 2 4 1 8 2
-203594217920 1 3 4 2 8 2
250615653735 1 1 2 1 4 2 8 2
-142985894945 1 6 5 1 8 2
691325437237 1 4 2 1 5 1 8 2
-642947728074 1 2 2 2 5 1 8 2
-255025685961 1 3 3 1 5 1 8 2
157738188099 1 1 2 1 3 1 5 1 8 2
133723189662 1 2 4 1 5 1 8 2
-10815364599 1 1 5 2 8 2
117098040389 1 5 6 1 8 2
-460322665411 1 3 2 1 6 1 8 2
292091886531 1 1 2 2 6 1 8 2
132602048238 1 2 3 1 6 1 8 2
-67490183688 1 1 4 1 6 1 8 2
-69198508275 1 4 7 1 8 2
157738188099 1 2 2 1 7 1 8 2
-21630729198 1 1 3 1 7 1 8 2
17311168797 1 3 8 3
-27260534698 1 1 2 1 8 3
-2155381956 1 18 9 1
72210973632 1 16 2 1 9 1
-785097117690 1 14 2 2 9 1
4121024391900 1 12 2 3 9 1
-11810275896606 1 10 2 4 9 1
18970383984792 1 8 2 5 9 1
-16407901148688 1 6 2 6 9 1
6731133955560 1 4 2 7 9 1
-931646879964 1 2 2 8 9 1
-62964668946 1 15 3 1 9 1
1236599171797 1 13 2 1 3 1 9 1
-8687711697816 1 11 2 2 3 1 9 1
28847842414385 1 9 2 3 3 1 9 1
-48111799891076 1 7 2 4 3 1 9 1
38254406849278 1 5 2 5 3 1 9 1
-11792307911600 1 3 2 6 3 1 9 1
649124562408 1 1 2 7 3 1 9 1
-474745281733 1 12 3 2 9 1
5880797667112 1 10 2 1 3 2 9 1
-24960003329637 1 8 2 2 3 2 9 1
44553886236372 1 6 2 3 3 2 9 1
-31660462487136 1 4 2 4 3 2 9 1
6232948844973 1 2 2 5 3 2 9 1
-1268939484190 1 9 3 3 9 1
8948080441716 1 7 2 1 3 3 9 1
-18340950496344 1 5 2 2 3 3 9 1
11149819419268 1 3 2 3 3 3 9 1
-953979328927 1 1 2 4 3 3 9 1
-1101113005094 1 6 3 4 9 1
3223942768361 1 4 2 1 3 4 9 1
-1558258765842 1 2 2 2 3 4 9 1
-181157172339 1 3 3 5 9 1
60657726994 1 1 2 1 3 5 9 1
60809286990 1 14 4 1 9 1
-1121181197149 1 12 2 1 4 1 9 1
7251917727535 1 10 2 2 4 1 9 1
-21593606082055 1 8 2 3 4 1 9 1
30994115975466 1 6 2 4 4 1 9 1
-19677107394928 1 4 2 5 4 1 9 1
4019172563848 1 2 2 6 4 1 9 1
845474275460 1 11 3 1 4 1 9 1
-9504576910202 1 9 2 1 3 1 4 1 9 1
35343114529703 1 7 2 2 3 1 4 1 9 1
-51992099797352 1 5 2 3 3 1 4 1 9 1
26659140178895 1 3 2 4 3 1 4 1 9 1
-2262153357815 1 1 2 5 3 1 4 1 9 1
2950949084561 1 8 3 2 4 1 9 1
-17662071073346 1 6 2 1 3 2 4 1 9 1
27949281437957 1 4 2 2 3 2 4 1 9 1
-10173275179824 1 2 2 3 3 2 4 1 9 1
2624753357089 1 5 3 3 4 1 9 1
-5339588534319 1 3 2 1 3 3 4 1 9 1
1007639287721 1 1 2 2 3 3 4 1 9 1
269899447353 1 2 3 4 4 1 9 1
-375077140621 1 10 4 2 9 1
3803611027601 1 8 2 1 4 2 9 1
-12249994719926 1 6 2 2 4 2 9 1
14490226634288 1 4 2 3 4 2 9 1
-4962503147714 1 2 2 4 4 2 9 1
-2247619382487 1 7 3 1 4 2 9 1
11162085273315 1 5 2 1 3 1 4 2 9 1
-12835150135287 1 3 2 2 3 1 4 2 9 1
2012569106047 1 1 2 3 3 1 4 2 9 1
-2179772454535 1 4 3 2 4 2 9 1
2666836178149 1 2 2 1 3 2 4 2 9 1
-95283908448 1 1 3 3 4 2 9 1
561261635222 1 6 4 3 9 1
-2259251330442 1 4 2 1 4 3 9 1
1750672905118 1 2 2 2 4 3 9 1
732533812406 1 3 3 1 4 3 9 1
-385034521004 1 1 2 1 3 1 4 3 9 1
-82943343300 1 2 4 4 9 1
-53988264054 1 13 5 1 9 1
895400653163 1 11 2 1 5 1 9 1
-5088850665160 1 9 2 2 5 1 9 1
12756275860070 1 7 2 3 5 1 9 1
-14253829452618 1 5 2 4 5 1 9 1
5942704047544 1 3 2 5 5 1 9 1
-431329002402 1 1 2 6 5 1 9 1
-655495943538 1 10 3 1 5 1 9 1
6357728411485 1 8 2 1 3 1 5 1 9 1
-19263376627792 1 6 2 2 3 1 5 1 9 1
20624506780988 1 4 2 3 3 1 5 1 9 1
-5743955047950 1 2 2 4 3 1 5 1 9 1
-1859067497109 1 7 3 2 5 1 9 1
8660522960045 1 5 2 1 3 2 5 1 9 1
-8963136599123 1 3 2 2 3 2 5 1 9 1
1154157724437 1 1 2 3 3 2 5 1 9 1
-1113385017853 1 4 3 3 5 1 9 1
1223512325629 1 2 2 1 3 3 5 1 9 1
-32593627446 1 1 3 4 5 1 9 1
569152354212 1 9 4 1 5 1 9 1
-4875023700457 1 7 2 1 4 1 5 1 9 1
12285242106877 1 5 2 2 4 1 5 1 9 1
-9594130543939 1 3 2 3 4 1 5 1 9 1
1161866377434 1 1 2 4 4 1 5 1 9 1
2669945430444 1 6 3 1 4 1 5 1 9 1
-9698166422521 1 4 2 1 3 1 4 1 5 1 9 1
6069495625164 1 2 2 2 3 1 4 1 5 1 9 1
1536466793895 1 3 3 2 4 1 5 1 9 1
-660827187880 1 1 2 1 3 2 4 1 5 1 9 1
-927986860745 1 5 4 2 5 1 9 1
2479504005611 1 3 2 1 4 2 5 1 9 1
-673553759300 1 1 2 2 4 2 5 1 9 1
-574196313806 1 2 3 1 4 2 5 1 9 1
46812470464 1 1 4 3 5 1 9 1
-208110164677 1 8 5 2 9 1
1460962681701 1 6 2 1 5 2 9 1
-2701439454542 1 4 2 2 5 2 9 1
1155208568424 1 2 2 3 5 2 9 1
-724497374273 1 5 3 1 5 2 9 1
1734561727159 1 3 2 1 3 1 5 2 9 1
-383873138113 1 1 2 2 3 1 5 2 9 1
-197040897941 1 2 3 2 5 2 9 1
451348786162 1 4 4 1 5 2 9 1
-661490881860 1 2 2 1 4 1 5 2 9 1
79810933672 1 1 3 1 4 1 5 2 9 1
-60822446153 1 3 5 3 9 1
31438065984 1 1 2 1 5 3 9 1
51832882098 1 12 6 1 9 1
-797301824975 1 10 2 1 6 1 9 1
4090132513549 1 8 2 2 6 1 9 1
-8883502692666 1 6 2 3 6 1 9 1
7983466596608 1 4 2 4 6 1 9 1
-2222690476398 1 2 2 5 6 1 9 1
568798801992 1 9 3 1 6 1 9 1
-4866038158779 1 7 2 1 3 1 6 1 9 1
12237057764255 1 5 2 2 3 1 6 1 9 1
-9519226838985 1 3 2 3 3 1 6 1 9 1
1139374348643 1 1 2 4 3 1 6 1 9 1
1331450481746 1 6 3 2 6 1 9 1
-4821785333233 1 4 2 1 3 2 6 1 9 1
2998594562401 1 2 2 2 3 2 6 1 9 1
508008878448 1 3 3 3 6 1 9 1
-216578913964 1 1 2 1 3 3 6 1 9 1
-491094333468 1 8 4 1 6 1 9 1
3672596496162 1 6 2 1 4 1 6 1 9 1
-7505895387490 1 4 2 2 4 1 6 1 9 1
3950938493188 1 2 2 3 4 1 6 1 9 1
-1849661833042 1 5 3 1 4 1 6 1 9 1
4921437901452 1 3 2 1 3 1 4 1 6 1 9 1
-1319507456504 1 1 2 2 3 1 4 1 6 1 9 1
-567155013608 1 2 3 2 4 1 6 1 9 1
622333011010 1 4 4 2 6 1 9 1
-1132616146996 1 2 2 1 4 2 6 1 9 1
137396208448 1 1 3 1 4 2 6 1 9 1
347138713502 1 7 5 1 6 1 9 1
-2044826951617 1 5 2 1 5 1 6 1 9 1
2782137510447 1 3 2 2 5 1 6 1 9 1
-515153045040 1 1 2 3 5 1 6 1 9 1
897859640056 1 4 3 1 5 1 6 1 9 1
-1305575391188 1 2 2 1 3 1 5 1 6 1 9 1
78270521760 1 1 3 2 5 1 6 1 9 1
-515952353120 1 3 4 1 5 1 6 1 9 1
325528287272 1 1 2 1 4 1 5 1 6 1 9 1
78364613012 1 2 5 2 6 1 9 1
-143341489366 1 6 6 2 9 1
693807540220 1 4 2 1 6 2 9 1
-646451181592 1 2 2 2 6 2 9 1
-256180410644 1 3 3 1 6 2 9 1
159095879180 1 1 2 1 3 1 6 2 9 1
134469650476 1 2 4 1 6 2 9 1
-21855107400 1 1 5 1 6 2 9 1
-45291970266 1 11 7 1 9 1
613528233501 1 9 2 1 7 1 9 1
-2666436124244 1 7 2 2 7 1 9 1
4548723397534 1 5 2 3 7 1 9 1
-2713311350500 1 3 2 4 7 1 9 1
269590596276 1 1 2 5 7 1 9 1
-419568640226 1 8 3 1 7 1 9 1
2946208631326 1 6 2 1 3 1 7 1 9 1
-5443703283106 1 4 2 2 3 1 7 1 9 1
2320280534326 1 2 2 3 3 1 7 1 9 1
-730495909111 1 5 3 2 7 1 9 1
1745961366632 1 3 2 1 3 2 7 1 9 1
-384288452793 1 1 2 2 3 2 7 1 9 1
-131989592737 1 2 3 3 7 1 9 1
350560465490 1 7 4 1 7 1 9 1
-2069981588295 1 5 2 1 4 1 7 1 9 1
2825346189727 1 3 2 2 4 1 7 1 9 1
-526513254389 1 1 2 3 4 1 7 1 9 1
910325897220 1 4 3 1 4 1 7 1 9 1
-1329296389453 1 2 2 1 3 1 4 1 7 1 9 1
79906053185 1 1 3 2 4 1 7 1 9 1
-262133260981 1 3 4 2 7 1 9 1
166570342105 1 1 2 1 4 2 7 1 9 1
-233775155236 1 6 5 1 7 1 9 1
1021231391594 1 4 2 1 5 1 7 1 9 1
-768811985596 1 2 2 2 5 1 7 1 9 1
-367679486934 1 3 3 1 5 1 7 1 9 1
188689949401 1 1 2 1 3 1 5 1 7 1 9 1
159865627370 1 2 4 1 5 1 7 1 9 1
-12935793213 1 1 5 2 7 1 9 1
182015714254 1 5 6 1 7 1 9 1
-594116230967 1 3 2 1 6 1 7 1 9 1
194107758893 1 1 2 2 6 1 7 1 9 1
157635968578 1 2 3 1 6 1 7 1 9 1
-44843008392 1 1 4 1 6 1 7 1 9 1
-51833038500 1 4 7 2 9 1
94389801873 1 2 2 1 7 2 9 1
-12937307418 1 1 3 1 7 2 9 1
43136588310 1 10 8 1 9 1
-532691378787 1 8 2 1 8 1 9 1
2025842534288 1 6 2 2 8 1 9 1
-2810706067502 1 4 2 3 8 1 9 1
1134859706266 1 2 2 4 8 1 9 1
350133472154 1 7 3 1 8 1 9 1
-2062201607547 1 5 2 1 3 1 8 1 9 1
2800174932026 1 3 2 2 3 1 8 1 9 1
-512825603809 1 1 2 3 3 1 8 1 9 1
452437561020 1 4 3 2 8 1 9 1
-654696955585 1 2 2 1 3 2 8 1 9 1
26051994012 1 1 3 3 8 1 9 1
-289751178500 1 6 4 1 8 1 9 1
1405918278110 1 4 2 1 4 1 8 1 9 1
-1314004825276 1 2 2 2 4 1 8 1 9 1
-519902663746 1 3 3 1 4 1 8 1 9 1
323978723544 1 1 2 1 3 1 4 1 8 1 9 1
136794347622 1 2 4 2 8 1 9 1
181942273138 1 5 5 1 8 1 9 1
-593308588497 1 3 2 1 5 1 8 1 9 1
193117653444 1 1 2 2 5 1 8 1 9 1
157216456950 1 2 3 1 5 1 8 1 9 1
-44602276776 1 1 4 1 5 1 8 1 9 1
-138805684828 1 4 6 1 8 1 9 1
316740853500 1 2 2 1 6 1 8 1 9 1
-43481135352 1 1 3 1 6 1 8 1 9 1
69152341362 1 3 7 1 8 1 9 1
-54325854807 1 1 2 1 7 1 8 1 9 1
-21630729198 1 2 8 2 9 1
-18326424732 1 9 9 2
192367079790 1 7 2 1 9 2
-579368437183 1 5 2 2 9 2
539252450832 1 3 2 3 9 2
-77642583255 1 1 2 4 9 2
-118230650155 1 6 3 1 9 2
516212181214 1 4 2 1 3 1 9 2
-386861655360 1 2 2 2 3 1 9 2
-92809545727 1 3 3 2 9 2
47251173507 1 1 2 1 3 2 9 2
92359063729 1 5 4 1 9 2
-302603106419 1 3 2 1 4 1 9 2
99462684488 1 1 2 2 4 1 9 2
80502524827 1 2 3 1 4 1 9 2
-11505677989 1 1 4 2 9 2
-51947986589 1 4 5 1 9 2
94516397438 1 2 2 1 5 1 9 2
-12942413073 1 1 3 1 5 1 9 2
34699252835 1 3 6 1 9 2
-27320705069 1 1 2 1 6 1 9 2
-12945441483 1 2 7 1 9 2
4319560401 1 1 8 1 9 2
2155381956 1 17 10 1
-70055591676 1 15 2 1 10 1
721512025140 1 13 2 2 10 1
-3525668834904 1 11 2 3 10 1
9213360924120 1 9 2 4 10 1
-13109065949592 1 7 2 5 10 1
9602045981136 1 5 2 6 10 1
-3083672266416 1 3 2 7 10 1
282522317556 1 1 2 8 10 1
60809286990 1 14 3 1 10 1
-1120830673339 1 12 2 1 3 1 10 1
7244574932075 1 10 2 2 3 1 10 1
-21547528303105 1 8 2 3 3 1 10 1
30874712327098 1 6 2 4 3 1 10 1
-19548308523542 1 4 2 5 3 1 10 1
3974734206787 1 2 2 6 3 1 10 1
422561875825 1 11 3 2 10 1
-4745945892350 1 9 2 1 3 2 10 1
17622056051720 1 7 2 2 3 2 10 1
-25862306816976 1 5 2 3 3 2 10 1
13206628273341 1 3 2 4 3 2 10 1
-1108857500377 1 1 2 5 3 2 10 1
981868918173 1 8 3 3 10 1
-5865284121052 1 6 2 1 3 3 10 1
9251189839302 1 4 2 2 3 3 10 1
-3345958167960 1 2 2 3 3 3 10 1
652864823553 1 5 3 4 10 1
-1322114466043 1 3 2 1 3 4 10 1
247330843151 1 1 2 2 3 4 10 1
53279636445 1 2 3 5 10 1
-58653905034 1 13 4 1 10 1
1014035551363 1 11 2 1 4 1 10 1
-6015814214490 1 9 2 2 4 1 10 1
15958674114832 1 7 2 3 4 1 10 1
-19514463389284 1 5 2 4 4 1 10 1
9757474470889 1 3 2 5 4 1 10 1
-1325690203631 1 1 2 6 4 1 10 1
-749730316316 1 10 3 1 4 1 10 1
7594700637198 1 8 2 1 3 1 4 1 10 1
-24416803912171 1 6 2 2 3 1 4 1 10 1
28799863419255 1 4 2 3 3 1 4 1 10 1
-9814523339159 1 2 2 4 3 1 4 1 10 1
-2242531410334 1 7 3 2 4 1 10 1
11109600179645 1 5 2 1 3 2 4 1 10 1
-12718591293770 1 3 2 2 3 2 4 1 10 1
1971061380130 1 1 2 3 3 2 4 1 10 1
-1443476904971 1 4 3 3 4 1 10 1
1753605904215 1 2 2 1 3 3 4 1 10 1
-46738003011 1 1 3 4 4 1 10 1
331516587385 1 9 4 2 10 1
-3015615529793 1 7 2 1 4 2 10 1
8330796476316 1 5 2 2 4 2 10 1
-7813303803002 1 3 2 3 4 2 10 1
1788067664233 1 1 2 4 4 2 10 1
1679024732518 1 6 3 1 4 2 10 1
-6738364986929 1 4 2 1 3 1 4 2 10 1
5193395035642 1 2 2 2 3 1 4 2 10 1
1089099630446 1 3 3 2 4 2 10 1
-565053701913 1 1 2 1 3 2 4 2 10 1
-414014093463 1 5 4 3 10 1
1331257611105 1 3 2 1 4 3 10 1
-692084624814 1 1 2 2 4 3 10 1
-328076788430 1 2 3 1 4 3 10 1
36130872836 1 1 4 4 10 1
51832882098 1 12 5 1 10 1
-797231412269 1 10 2 1 5 1 10 1
4088944208613 1 8 2 2 5 1 10 1
-8877863771994 1 6 2 3 5 1 10 1
7973803663717 1 4 2 4 5 1 10 1
-2217715000754 1 2 2 5 5 1 10 1
568728389286 1 9 3 1 5 1 10 1
-4864065947879 1 7 2 1 3 1 5 1 10 1
12226127214723 1 5 2 2 3 1 5 1 10 1
-9502077127748 1 3 2 3 3 1 5 1 10 1
1134398872999 1 1 2 4 3 1 5 1 10 1
1330666575782 1 6 3 2 5 1 10 1
-4815540206805 1 4 2 1 3 2 5 1 10 1
2990260584092 1 2 2 2 3 2 5 1 10 1
507055380880 1 3 3 3 5 1 10 1
-215731714001 1 1 2 1 3 3 5 1 10 1
-491007652632 1 8 4 1 5 1 10 1
3670697758463 1 6 2 1 4 1 5 1 10 1
-7497512643638 1 4 2 2 4 1 5 1 10 1
3942122760260 1 2 2 3 4 1 5 1 10 1
-1848240880530 1 5 3 1 4 1 5 1 10 1
4912892493251 1 3 2 1 3 1 4 1 5 1 10 1
-1313479998074 1 1 2 2 3 1 4 1 5 1 10 1
-565546134214 1 2 3 2 4 1 5 1 10 1
621712232592 1 4 4 2 5 1 10 1
-1130107403826 1 2 2 1 4 2 5 1 10 1
136740826622 1 1 3 1 4 2 5 1 10 1
173526016333 1 7 5 2 10 1
-1021620881537 1 5 2 1 5 2 10 1
1388504272968 1 3 2 2 5 2 10 1
-256182385271 1 1 2 3 5 2 10 1
448376118350 1 4 3 1 5 2 10 1
-650770502490 1 2 2 1 3 1 5 2 10 1
38959442509 1 1 3 2 5 2 10 1
-257530799155 1 3 4 1 5 2 10 1
161837462964 1 1 2 1 4 1 5 2 10 1
26031545540 1 2 5 3 10 1
-49677500142 1 11 6 1 10 1
707755436753 1 9 2 1 6 1 10 1
-3262693133046 1 7 2 2 6 1 10 1
6091445552227 1 5 2 3 6 1 10 1
-4353314703599 1 3 2 4 6 1 10 1
813725531479 1 1 2 5 6 1 10 1
-490654100412 1 8 3 1 6 1 10 1
3663056567965 1 6 2 1 3 1 6 1 10 1
-7464105452584 1 4 2 2 3 1 6 1 10 1
3907406375261 1 2 2 3 3 1 6 1 10 1
-921263357167 1 5 3 2 6 1 10 1
2439449593322 1 3 2 1 3 2 6 1 10 1
-645061911212 1 1 2 2 3 2 6 1 10 1
-186384101043 1 2 3 3 6 1 10 1
421572484560 1 7 4 1 6 1 10 1
-2733066600814 1 5 2 1 4 1 6 1 10 1
4477610165384 1 3 2 2 4 1 6 1 10 1
-1589764737255 1 1 2 3 4 1 6 1 10 1
1238500050478 1 4 3 1 4 1 6 1 10 1
-2240442227711 1 2 2 1 3 1 4 1 6 1 10 1
134186021767 1 1 3 2 4 1 6 1 10 1
-408387353459 1 3 4 2 6 1 10 1
503121309171 1 1 2 1 4 2 6 1 10 1
-286593269486 1 6 5 1 6 1 10 1
1386337121159 1 4 2 1 5 1 6 1 10 1
-1290123822424 1 2 2 2 5 1 6 1 10 1
-511557618784 1 3 3 1 5 1 6 1 10 1
316624352635 1 1 2 1 3 1 5 1 6 1 10 1
268372043534 1 2 4 1 5 1 6 1 10 1
-21718604999 1 1 5 2 6 1 10 1
117380193694 1 5 6 2 10 1
-461723716713 1 3 2 1 6 2 10 1
293247543519 1 1 2 2 6 2 10 1
133063852082 1 2 3 1 6 2 10 1
-67771534684 1 1 4 1 6 2 10 1
43136588310 1 10 7 1 10 1
-532678139067 1 8 2 1 7 1 10 1
2025672512423 1 6 2 2 7 1 10 1
-2810160791828 1 4 2 3 7 1 10 1
1134398872999 1 2 2 4 7 1 10 1
350120232434 1 7 3 1 7 1 10 1
-2061937167738 1 5 2 1 3 1 7 1 10 1
2799299012216 1 3 2 2 3 1 7 1 10 1
-512364770542 1 1 2 3 3 1 7 1 10 1
452343143076 1 4 3 2 7 1 10 1
-654345862977 1 2 2 1 3 2 7 1 10 1
26031545540 1 1 3 3 7 1 10 1
-289734910370 1 6 4 1 7 1 10 1
1405680684821 1 4 2 1 4 1 7 1 10 1
-1313479998074 1 2 2 2 4 1 7 1 10 1
-519751696392 1 3 3 1 4 1 7 1 10 1
323674925928 1 1 2 1 3 1 4 1 7 1 10 1
136740826622 1 2 4 2 7 1 10 1
181926005008 1 5 5 1 7 1 10 1
-593127544618 1 3 2 1 5 1 7 1 10 1
192896623858 1 1 2 2 5 1 7 1 10 1
157122039006 1 2 3 1 5 1 7 1 10 1
-44548755776 1 1 4 1 5 1 7 1 10 1
-138789416698 1 4 6 1 7 1 10 1
316624352635 1 2 2 1 6 1 7 1 10 1
-43437209998 1 1 3 1 6 1 7 1 10 1
34568036616 1 3 7 2 10 1
-27126639648 1 1 2 1 7 2 10 1
-40981206354 1 9 8 1 10 1
460467165435 1 7 2 1 8 1 10 1
-1523058193715 1 5 2 2 8 1 10 1
1701417565380 1 3 2 3 8 1 10 1
-466748935947 1 1 2 4 8 1 10 1
-289310945444 1 6 3 1 8 1 10 1
1399562831648 1 4 2 1 3 1 8 1 10 1
-1300117162596 1 2 2 2 3 1 8 1 10 1
-257938211426 1 3 3 2 8 1 10 1
158059902991 1 1 2 1 3 2 8 1 10 1
237551504462 1 5 4 1 8 1 10 1
-937375447489 1 3 2 1 4 1 8 1 10 1
597983079312 1 1 2 2 4 1 8 1 10 1
270760680964 1 2 3 1 4 1 8 1 10 1
-69180714868 1 1 4 2 8 1 10 1
-138719003992 1 4 5 1 8 1 10 1
316119805982 1 2 2 1 5 1 8 1 10 1
-43248218676 1 1 3 1 5 1 8 1 10 1
104205268354 1 3 6 1 8 1 10 1
-164292453203 1 1 2 1 6 1 8 1 10 1
-43248218676 1 2 7 1 8 1 10 1
12991608396 1 1 8 2 10 1
34497467508 1 8 9 1 10 1
-321149067030 1 6 2 1 9 1 10 1
798361800728 1 4 2 2 9 1 10 1
-512364770542 1 2 2 3 9 1 10 1
184277894402 1 5 3 1 9 1 10 1
-600278265592 1 3 2 1 3 1 9 1 10 1
192896623858 1 1 2 2 3 1 9 1 10 1
79203153988 1 2 3 2 9 1 10 1
-141157574222 1 4 4 1 9 1 10 1
323674925928 1 2 2 1 4 1 9 1 10 1
-44548755776 1 1 3 1 4 1 9 1 10 1
69311824834 1 3 5 1 9 1 10 1
-54253279296 1 1 2 1 5 1 9 1 10 1
-43437209998 1 2 6 1 9 1 10 1
8625881082 1 1 7 1 9 1 10 1
-16171042776 1 7 10 2
133101547641 1 5 2 1 10 2
-270762159676 1 3 2 2 10 2
119826177705 1 1 2 3 10 2
-70366804648 1 4 3 1 10 2
160282971571 1 2 2 1 3 1 10 2
-10841699323 1 1 3 2 10 2
53118070894 1 3 4 1 10 2
-84346293629 1 1 2 1 4 1 10 2
-21683398646 1 2 5 1 10 2
13057517564 1 1 6 1 10 2
-2155381956 1 16 11 1
63585092550 1 14 2 1 11 1
-595355556996 1 12 2 2 11 1
2596914972486 1 10 2 3 11 1
-5861318035200 1 8 2 4 11 1
6805855167552 1 6 2 5 11 1
-3647461689144 1 4 2 6 11 1
649124562408 1 2 2 7 11 1
-54338787864 1 13 3 1 11 1
902743448623 1 11 2 1 3 1 11 1
-5134928444110 1 9 2 2 3 1 11 1
12875679508438 1 7 2 3 3 1 11 1
-14382628324004 1 5 2 4 3 1 11 1
5987142404605 1 3 2 5 3 1 11 1
-431329002402 1 1 2 6 3 1 11 1
-330631119253 1 10 3 2 11 1
3208916073380 1 8 2 1 3 2 11 1
-9722786064462 1 6 2 2 3 2 11 1
10400022796014 1 4 2 3 3 2 11 1
-2886992536813 1 2 2 4 3 2 11 1
-625731724750 1 7 3 3 11 1
2913771330267 1 5 2 1 3 3 11 1
-3010041611436 1 3 2 2 3 3 11 1
385573415226 1 1 2 3 3 3 11 1
-280816114279 1 4 3 4 11 1
307639035074 1 2 2 1 3 4 11 1
-6541633434 1 1 3 5 11 1
52183405908 1 12 4 1 11 1
-804574207729 1 10 2 1 4 1 11 1
4135021987563 1 8 2 2 4 1 11 1
-8997267420362 1 6 2 3 4 1 11 1
8102602535103 1 4 2 4 4 1 11 1
-2262153357815 1 2 2 5 4 1 11 1
574494684254 1 9 3 1 4 1 11 1
-4924096242038 1 7 2 1 3 1 4 1 11 1
12407377905985 1 5 2 2 3 1 4 1 11 1
-9674583474532 1 3 2 3 3 1 4 1 11 1
1161866377434 1 1 2 4 3 1 4 1 11 1
1348720811807 1 6 3 2 4 1 11 1
-4894860067217 1 4 2 1 3 2 4 1 11 1
3052370140421 1 2 2 2 3 2 4 1 11 1
516408459669 1 3 3 3 4 1 11 1
-220814774344 1 1 2 1 3 3 4 1 11 1
-248211711895 1 8 4 2 11 1
1860357554957 1 6 2 1 4 2 11 1
-3811340453501 1 4 2 2 4 2 11 1
2012569106047 1 2 2 3 4 2 11 1
-938131717087 1 5 3 1 4 2 11 1
2502883029645 1 3 2 1 3 1 4 2 11 1
-673553759300 1 1 2 2 3 1 4 2 11 1
-288946449288 1 2 3 2 4 2 11 1
210794483136 1 4 4 3 11 1
-385034521004 1 2 2 1 4 3 11 1
46812470464 1 1 3 1 4 3 11 1
-45362382972 1 11 5 1 11 1
614716538437 1 9 2 1 5 1 11 1
-2672075044916 1 7 2 2 5 1 11 1
4558386330425 1 5 2 3 5 1 11 1
-2718286826144 1 3 2 4 5 1 11 1
269590596276 1 1 2 5 5 1 11 1
-420439227026 1 8 3 1 5 1 11 1
2952615091921 1 6 2 1 3 1 5 1 11 1
-5454767801382 1 4 2 2 3 1 5 1 11 1
2323303888834 1 2 2 3 3 1 5 1 11 1
-732086453227 1 5 3 2 5 1 11 1
1749128600676 1 3 2 1 3 2 5 1 11 1
-384523532803 1 1 2 2 3 2 5 1 11 1
-132178101933 1 2 3 3 5 1 11 1
351344371454 1 7 4 1 5 1 11 1
-2074786592217 1 5 2 1 4 1 5 1 11 1
2831138568147 1 3 2 2 4 1 5 1 11 1
-526513254389 1 1 2 3 4 1 5 1 11 1
912367045836 1 4 3 1 4 1 5 1 11 1
-1331203271797 1 2 2 1 3 1 4 1 5 1 11 1
79959574185 1 1 3 2 4 1 5 1 11 1
-262735121807 1 3 4 2 5 1 11 1
166570342105 1 1 2 1 4 2 5 1 11 1
-117167610645 1 6 5 2 11 1
511786975259 1 4 2 1 5 2 11 1
-384938847483 1 2 2 2 5 2 11 1
-184214584219 1 3 3 1 5 2 11 1
94389801873 1 1 2 1 3 1 5 2 11 1
80054693698 1 2 4 1 5 2 11 1
-4312940541 1 1 5 3 11 1
43207001016 1 10 6 1 11 1
-533866444003 1 8 2 1 6 1 11 1
2031311433095 1 6 2 2 6 1 11 1
-2819823724719 1 4 2 3 6 1 11 1
1139374348643 1 2 2 4 6 1 11 1
350990819234 1 7 3 1 6 1 11 1
-2068327360203 1 5 2 1 3 1 6 1 11 1
2810220355147 1 3 2 2 3 1 6 1 11 1
-515153045040 1 1 2 3 3 1 6 1 11 1
453917419062 1 4 3 2 6 1 11 1
-657316400676 1 2 2 1 3 2 6 1 11 1
26166533736 1 1 3 3 6 1 11 1
-290535084464 1 6 4 1 6 1 11 1
1410628864088 1 4 2 1 4 1 6 1 11 1
-1319507456504 1 2 2 2 4 1 6 1 11 1
-521846366008 1 3 3 1 4 1 6 1 11 1
325528287272 1 1 2 1 3 1 4 1 6 1 11 1
137396208448 1 2 4 2 6 1 11 1
182502339192 1 5 5 1 6 1 11 1
-595593982347 1 3 2 1 5 1 6 1 11 1
194107758893 1 1 2 2 5 1 6 1 11 1
157905944970 1 2 3 1 5 1 6 1 11 1
-44843008392 1 1 4 1 5 1 6 1 11 1
-69647669088 1 4 6 2 11 1
159095879180 1 2 2 1 6 2 11 1
-21855107400 1 1 3 1 6 2 11 1
-36666089184 1 9 7 1 11 1
384904181445 1 7 2 1 7 1 11 1
-1159282150040 1 5 2 2 7 1 11 1
1078965734931 1 3 2 3 7 1 11 1
-155285166510 1 1 2 4 7 1 11 1
-236571986384 1 6 3 1 7 1 11 1
1032898181909 1 4 2 1 3 1 7 1 11 1
-773958390730 1 2 2 2 3 1 7 1 11 1
-185696089336 1 3 3 2 7 1 11 1
94516397438 1 1 2 1 3 2 7 1 11 1
184812545402 1 5 4 1 7 1 11 1
-605495960030 1 3 2 1 4 1 7 1 11 1
198925368976 1 1 2 2 4 1 7 1 11 1
161058570654 1 2 3 1 4 1 7 1 11 1
-23011355978 1 1 4 2 7 1 11 1
-103950109842 1 4 5 1 7 1 11 1
189094348373 1 2 2 1 5 1 7 1 11 1
-25887854556 1 1 3 1 5 1 7 1 11 1
69439402614 1 3 6 1 7 1 11 1
-54641410138 1 1 2 1 6 1 7 1 11 1
-12950547138 1 2 7 2 11 1
34510707228 1 8 8 1 11 1
-321319088895 1 6 2 1 8 1 11 1
798907076402 1 4 2 2 8 1 11 1
-512825603809 1 2 2 3 8 1 11 1
184388580476 1 5 3 1 8 1 11 1
-600749056663 1 3 2 1 3 1 8 1 11 1
193117653444 1 1 2 2 3 1 8 1 11 1
79277123460 1 2 3 2 8 1 11 1
-141255020576 1 4 4 1 8 1 11 1
323978723544 1 2 2 1 4 1 8 1 11 1
-44602276776 1 1 3 1 4 1 8 1 11 1
69368989908 1 3 5 1 8 1 11 1
-54325854807 1 1 2 1 5 1 8 1 11 1
-43481135352 1 2 6 1 8 1 11 1
8639120802 1 1 7 1 8 1 11 1
-28026968382 1 7 9 1 11 1
207984207282 1 5 2 1 9 1 11 1
-350932070162 1 3 2 2 9 1 11 1
79815791274 1 1 2 3 9 1 11 1
-105338746226 1 4 3 1 9 1 11 1
190614810898 1 2 2 1 3 1 9 1 11 1
-12970999566 1 1 3 2 9 1 11 1
70844307128 1 3 4 1 9 1 11 1
-56180303598 1 1 2 1 4 1 9 1 11 1
-25945027542 1 2 5 1 9 1 11 1
8696293788 1 1 6 1 9 1 11 1
25871586426 1 6 10 1 11 1
-161664116616 1 4 2 1 10 1 11 1
192896623858 1 2 2 2 10 1 11 1
70420342202 1 3 3 1 10 1 11 1
-54253279296 1 1 2 1 3 1 10 1 11 1
-44548755776 1 2 4 1 10 1 11 1
8625881082 1 1 5 1 10 1 11 1
-9700543650 1 5 11 2
41620086539 1 3 2 1 11 2
-17322457134 1 1 2 2 11 2
-13111055118 1 2 3 1 11 2
4488202446 1 1 4 1 11 2
2155381956 1 15 12 1
-61429710594 1 13 2 1 12 1
540393317118 1 11 2 2 12 1
-2165385667170 1 9 2 3 12 1
4361408055540 1 7 2 4 12 1
-4323470001732 1 5 2 5 12 1
1830431300208 1 3 2 6 12 1
-217795560006 1 1 2 7 12 1
52183405908 1 12 3 1 12 1
-804220655509 1 10 2 1 3 1 12 1
4129031204537 1 8 2 2 3 1 12 1
-8968793354934 1 6 2 3 3 1 12 1
8053811417781 1 4 2 4 3 1 12 1
-2237098807783 1 2 2 5 3 1 12 1
287070566017 1 9 3 2 12 1
-2457064595914 1 7 2 1 3 2 12 1
6175989326775 1 5 2 2 3 2 12 1
-4793819639872 1 3 2 3 3 2 12 1
568405913701 1 1 2 4 3 2 12 1
448248181541 1 6 3 3 12 1
-1621012188039 1 4 2 1 3 3 12 1
1003288887617 1 2 2 2 3 3 12 1
127877535894 1 3 3 4 12 1
-54116093560 1 1 2 1 3 4 12 1
-50028023952 1 11 4 1 12 1
714674267287 1 9 2 1 4 1 12 1
-3301665265150 1 7 2 2 4 1 12 1
6177681024365 1 5 2 3 4 1 12 1
-4426691989028 1 3 2 4 4 1 12 1
830696384105 1 1 2 5 4 1 12 1
-495996430454 1 8 3 1 4 1 12 1
3711221042130 1 6 2 1 3 1 4 1 12 1
-7580497512223 1 4 2 2 3 1 4 1 12 1
3980697494876 1 2 2 3 3 1 4 1 12 1
-934557420044 1 5 3 2 4 1 12 1
2481227184680 1 3 2 1 3 2 4 1 12 1
-658294765986 1 1 2 2 3 2 4 1 12 1
-189885366171 1 2 3 3 4 1 12 1
213274011331 1 7 4 2 12 1
-1386362832949 1 5 2 1 4 2 12 1
2278281224595 1 3 2 2 4 2 12 1
-812502092358 1 1 2 3 4 2 12 1
629284563622 1 4 3 1 4 2 12 1
-1142459943031 1 2 2 1 3 1 4 2 12 1
68549463711 1 1 3 2 4 2 12 1
-138627178225 1 3 4 3 12 1
171651708435 1 1 2 1 4 3 12 1
43207001016 1 10 5 1 12 1
-533793002887 1 8 2 1 5 1 12 1
2030366623225 1 6 2 2 5 1 12 1
-2816791260463 1 4 2 3 5 1 12 1
1136811827402 1 2 2 4 5 1 12 1
350917378118 1 7 3 1 5 1 12 1
-2066856189859 1 5 2 1 3 1 5 1 12 1
2805341676291 1 3 2 2 3 1 5 1 12 1
-512590523799 1 1 2 3 3 1 5 1 12 1
453391058588 1 4 3 2 5 1 12 1
-655355646352 1 2 2 1 3 2 5 1 12 1
26051994012 1 1 3 3 5 1 12 1
-290445375218 1 6 4 1 5 1 12 1
1409311169271 1 4 2 1 4 1 5 1 12 1
-1316589531972 1 2 2 2 4 1 5 1 12 1
-521006456378 1 3 3 1 4 1 5 1 12 1
323835548199 1 1 2 1 3 1 4 1 5 1 12 1
137098927422 1 2 4 2 5 1 12 1
91206314973 1 5 5 2 12 1
-297294918343 1 3 2 1 5 2 12 1
96441286717 1 1 2 2 5 2 12 1
78689792248 1 2 3 1 5 2 12 1
-22272863683 1 1 4 1 5 2 12 1
-41051619060 1 9 6 1 12 1
461568789535 1 7 2 1 6 1 12 1
-1527598550782 1 5 2 2 6 1 12 1
1707645933686 1 3 2 3 6 1 12 1
-468936137093 1 1 2 4 6 1 12 1
-290094851408 1 6 3 1 6 1 12 1
1404233682090 1 4 2 1 3 1 6 1 12 1
-1305480603206 1 2 2 2 3 1 6 1 12 1
-258891708994 1 3 3 2 6 1 12 1
158772114758 1 1 2 1 3 2 6 1 12 1
238261969310 1 5 4 1 6 1 12 1
-940930810535 1 3 2 1 4 1 6 1 12 1
600946041363 1 1 2 2 4 1 6 1 12 1
271937291136 1 2 3 1 4 1 6 1 12 1
-69541844078 1 1 4 2 6 1 12 1
-139205628930 1 4 5 1 6 1 12 1
317544229516 1 2 2 1 5 1 6 1 12 1
-43464867222 1 1 3 1 5 1 6 1 12 1
52312254498 1 3 6 2 12 1
-82599361642 1 1 2 1 6 2 12 1
34510707228 1 8 7 1 12 1
-321302820765 1 6 2 1 7 1 12 1
798763901057 1 4 2 2 7 1 12 1
-512590523799 1 2 2 3 7 1 12 1
184372312346 1 5 3 1 7 1 12 1
-600552360318 1 3 2 1 3 1 7 1 12 1
192882573434 1 1 2 2 3 1 7 1 12 1
79223602460 1 2 3 2 7 1 12 1
-141235724036 1 4 4 1 7 1 12 1
323835548199 1 2 2 1 4 1 7 1 12 1
-44545727366 1 1 3 1 4 1 7 1 12 1
69349693368 1 3 5 1 7 1 12 1
-54239228872 1 1 2 1 5 1 7 1 12 1
-43464867222 1 2 6 1 7 1 12 1
4311426336 1 1 7 2 12 1
-32355325272 1 7 8 1 12 1
266356849017 1 5 2 1 8 1 12 1
-541929448091 1 3 2 2 8 1 12 1
239892159091 1 1 2 3 8 1 12 1
-140828027240 1 4 3 1 8 1 12 1
320843066278 1 2 2 1 3 1 8 1 12 1
-21703847118 1 1 3 2 8 1 12 1
106317320012 1 3 4 1 8 1 12 1
-168870288363 1 1 2 1 4 1 8 1 12 1
-43407694236 1 2 5 1 8 1 12 1
26145720762 1 1 6 1 8 1 12 1
25871586426 1 6 9 1 12 1
-161661088206 1 4 2 1 9 1 12 1
192882573434 1 2 2 2 9 1 12 1
70417313792 1 3 3 1 9 1 12 1
-54239228872 1 1 2 1 3 1 9 1 12 1
-44545727366 1 2 4 1 9 1 12 1
8622852672 1 1 5 1 9 1 12 1
-23716204470 1 5 10 1 12 1
124037291328 1 3 2 1 10 1 12 1
-103998430294 1 1 2 2 10 1 12 1
-44195203556 1 2 3 1 10 1 12 1
26946469802 1 1 4 1 10 1 12 1
17245705344 1 4 11 1 12 1
-54239228872 1 2 2 1 11 1 12 1
8622852672 1 1 3 1 11 1 12 1
-7545161694 1 3 12 2
17107344779 1 1 2 1 12 2
-2155381956 1 14 13 1
54962239878 1 12 2 1 13 1
-431529305316 1 10 2 2 13 1
1499909979660 1 8 2 3 13 1
-2482385165820 1 6 2 4 13 1
1817030388936 1 4 2 5 13 1
-431329002402 1 2 2 6 13 1
-45715935192 1 11 3 1 13 1
620707321463 1 9 2 1 3 1 13 1
-2700549110344 1 7 2 2 3 1 13 1
4607177447747 1 5 2 3 3 1 13 1
-2743341376176 1 3 2 4 3 1 13 1
269590596276 1 1 2 5 3 1 13 1
-212421243773 1 8 3 2 13 1
1492529039764 1 6 2 1 3 2 13 1
-2755332564747 1 4 2 2 3 2 13 1
1169146164397 1 2 2 3 3 2 13 1
-246719032074 1 5 3 3 13 1
588346985755 1 3 2 1 3 3 13 1
-128529747391 1 1 2 2 3 3 13 1
-33276078171 1 2 3 4 13 1
43560553236 1 10 4 1 13 1
-539783785913 1 8 2 1 4 1 13 1
2058840688653 1 6 2 2 4 1 13 1
-2865582377785 1 4 2 3 4 1 13 1
1161866377434 1 2 2 4 4 1 13 1
355320638638 1 7 3 1 4 1 13 1
-2099225736350 1 5 2 1 3 1 4 1 13 1
2860590845405 1 3 2 2 3 1 4 1 13 1
-526513254389 1 1 2 3 3 1 4 1 13 1
461388260467 1 4 3 2 4 1 13 1
-670376083917 1 2 2 1 3 2 4 1 13 1
26734444737 1 1 3 3 4 1 13 1
-147247541759 1 6 4 2 13 1
717199236201 1 4 2 1 4 2 13 1
-673553759300 1 2 2 2 4 2 13 1
-265829845751 1 3 3 1 4 2 13 1
166570342105 1 1 2 1 3 1 4 2 13 1
46812470464 1 2 4 3 13 1
-36739530300 1 9 5 1 13 1
385848991315 1 7 2 1 5 1 13 1
-1162314614296 1 5 2 2 5 1 13 1
1081528256172 1 3 2 3 5 1 13 1
-155285166510 1 1 2 4 5 1 13 1
-237188056104 1 6 3 1 5 1 13 1
1035535730852 1 4 2 1 3 1 5 1 13 1
-775259180110 1 2 2 2 3 1 5 1 13 1
-186124178216 1 3 3 2 5 1 13 1
94592001359 1 1 2 1 3 2 5 1 13 1
185338905876 1 5 4 1 5 1 13 1
-607113095182 1 3 2 1 4 1 5 1 13 1
198925368976 1 1 2 2 4 1 5 1 13 1
161355851680 1 2 3 1 4 1 5 1 13 1
-23011355978 1 1 4 2 5 1 13 1
-52126315203 1 4 5 2 13 1
94718596924 1 2 2 1 5 2 13 1
-12952061343 1 1 3 1 5 2 13 1
34584148344 1 8 6 1 13 1
-322247630635 1 6 2 1 6 1 13 1
801796365313 1 4 2 2 6 1 13 1
-515153045040 1 2 2 3 6 1 13 1
184988382066 1 5 3 1 6 1 13 1
-603173641131 1 3 2 1 3 1 6 1 13 1
194107758893 1 1 2 2 3 1 6 1 13 1
79635423210 1 2 3 2 6 1 13 1
-141778352640 1 4 4 1 6 1 13 1
325528287272 1 2 2 1 4 1 6 1 13 1
-44843008392 1 1 3 1 4 1 6 1 13 1
69668482062 1 3 5 1 6 1 13 1
-54641410138 1 1 2 1 5 1 6 1 13 1
-21855107400 1 2 6 2 13 1
-28043236512 1 7 7 1 13 1
208127382627 1 5 2 1 7 1 13 1
-351167150172 1 3 2 2 7 1 13 1
79815791274 1 1 2 3 7 1 13 1
-105411563766 1 4 3 1 7 1 13 1
190704465243 1 2 2 1 3 1 7 1 13 1
-12974027976 1 1 3 2 7 1 13 1
70897828128 1 3 4 1 7 1 13 1
-56180303598 1 1 2 1 4 1 7 1 13 1
-25958267262 1 2 5 1 7 1 13 1
8696293788 1 1 6 1 7 1 13 1
25887854556 1 6 8 1 13 1
-161804263551 1 4 2 1 8 1 13 1
193117653444 1 2 2 2 8 1 13 1
70490131332 1 3 3 1 8 1 13 1
-54325854807 1 1 2 1 3 1 8 1 13 1
-44602276776 1 2 4 1 8 1 13 1
8639120802 1 1 5 1 8 1 13 1
-19404115710 1 5 9 1 13 1
83254223502 1 3 2 1 9 1 13 1
-34644914268 1 1 2 2 9 1 13 1
-26225138646 1 2 3 1 9 1 13 1
8976404892 1 1 4 1 9 1 13 1
17248733754 1 4 10 1 13 1
-54253279296 1 2 2 1 10 1 13 1
8625881082 1 1 3 1 10 1 13 1
-10778234628 1 3 11 1 13 1
11401686642 1 1 2 1 11 1 13 1
8622852672 1 2 12 1 13 1
-1077690978 1 1 13 2
2155381956 1 13 14 1
-52806857922 1 11 2 1 14 1
385189918110 1 9 2 2 14 1
-1206337043160 1 7 2 3 14 1
1721639458476 1 5 2 4 14 1
-1006702220646 1 3 2 5 14 1
161738406126 1 1 2 6 14 1
43560553236 1 10 3 1 14 1
-539430233693 1 8 2 1 3 1 14 1
2054267697923 1 6 2 2 3 1 14 1
-2850870591395 1 4 2 3 3 1 14 1
1149440458715 1 2 2 4 3 1 14 1
177483543209 1 7 3 2 14 1
-1046040110154 1 5 2 1 3 2 14 1
1418405738064 1 3 2 2 3 2 14 1
-257043667835 1 1 2 3 3 2 14 1
152938578385 1 4 3 3 14 1
-220246863343 1 2 2 1 3 3 14 1
6541633434 1 1 3 4 14 1
-41405171280 1 9 4 1 14 1
467132579225 1 7 2 1 4 1 14 1
-1550628256726 1 5 2 2 4 1 14 1
1739340959360 1 3 2 3 4 1 14 1
-480067956535 1 1 2 4 4 1 14 1
-294071118592 1 6 3 1 4 1 14 1
1428059983311 1 4 2 1 3 1 4 1 14 1
-1332963643211 1 2 2 2 3 1 4 1 14 1
-263790025087 1 3 3 2 4 1 14 1
162440064137 1 1 2 1 3 2 4 1 14 1
120935722277 1 5 4 2 14 1
-479548384796 1 3 2 1 4 2 14 1
308058048219 1 1 2 2 4 2 14 1
139000708082 1 2 3 1 4 2 14 1
-23801114486 1 1 4 3 14 1
34584148344 1 8 5 1 14 1
-322174189519 1 6 2 1 5 1 14 1
801148206315 1 4 2 2 5 1 14 1
-514087335670 1 2 2 3 5 1 14 1
184914940950 1 5 3 1 5 1 14 1
-602281722107 1 3 2 1 3 1 5 1 14 1
193042049523 1 1 2 2 3 1 5 1 14 1
79391663184 1 2 3 2 5 1 14 1
-141691671804 1 4 4 1 5 1 14 1
324880128274 1 2 2 1 4 1 5 1 14 1
-44586008646 1 1 3 1 4 1 5 1 14 1
34790900613 1 3 5 2 14 1
-27125125443 1 1 2 1 5 2 14 1
-32428766388 1 7 6 1 14 1
267211949641 1 5 2 1 6 1 14 1
-544186846134 1 3 2 2 6 1 14 1
241229494873 1 1 2 3 6 1 14 1
-141354387714 1 4 3 1 6 1 14 1
322391999852 1 2 2 1 3 1 6 1 14 1
-21818386842 1 1 3 2 6 1 14 1
106770239370 1 3 4 1 6 1 14 1
-169863565144 1 1 2 1 4 1 6 1 14 1
-43636773684 1 2 5 1 6 1 14 1
13158813612 1 1 6 2 14 1
25887854556 1 6 7 1 14 1
-161787995421 1 4 2 1 7 1 14 1
193042049523 1 2 2 2 7 1 14 1
70473863202 1 3 3 1 7 1 14 1
-54250250886 1 1 2 1 3 1 7 1 14 1
-44586008646 1 2 4 1 7 1 14 1
8622852672 1 1 5 1 7 1 14 1
-23732472600 1 5 8 1 14 1
124161170133 1 3 2 1 8 1 14 1
-104146884369 1 1 2 2 8 1 14 1
-44248724556 1 2 3 1 8 1 14 1
26986751082 1 1 4 1 8 1 14 1
17248733754 1 4 9 1 14 1
-54250250886 1 2 2 1 9 1 14 1
8622852672 1 1 3 1 9 1 14 1
-15093351798 1 3 10 1 14 1
34225711572 1 1 2 1 10 1 14 1
8622852672 1 2 11 1 14 1
-6467470716 1 1 12 1 14 1
-2155381956 1 12 15 1
46339387206 1 10 2 1 15 1
-293572936500 1 8 2 2 15 1
760745707344 1 6 2 3 15 1
-810328168290 1 4 2 4 15 1
269590596276 1 2 2 5 15 1
-37093082520 1 9 3 1 15 1
390421982045 1 7 2 1 3 1 15 1
-1177026400686 1 5 2 2 3 1 15 1
1093954174891 1 3 2 3 3 1 15 1
-155285166510 1 1 2 4 3 1 15 1
-120092273171 1 6 3 2 15 1
524184638759 1 4 2 1 3 2 15 1
-390735647307 1 2 2 2 3 2 15 1
-62733068411 1 3 3 3 15 1
31640265470 1 1 2 1 3 3 15 1
34937700564 1 8 4 1 15 1
-326747180249 1 6 2 1 4 1 15 1
815859992705 1 4 2 2 4 1 15 1
-526513254389 1 2 2 3 4 1 15 1
187911431188 1 5 3 1 4 1 15 1
-615044856067 1 3 2 1 3 1 4 1 15 1
198925368976 1 1 2 2 3 1 4 1 15 1
81396277495 1 2 3 2 4 1 15 1
-72167304911 1 4 4 2 15 1
166570342105 1 2 2 1 4 2 15 1
-23011355978 1 1 3 1 4 2 15 1
-28116677628 1 7 5 1 15 1
208775541625 1 5 2 1 5 1 15 1
-352232859542 1 3 2 2 5 1 15 1
79815791274 1 1 2 3 5 1 15 1
-105742004628 1 4 3 1 5 1 15 1
191108864215 1 2 2 1 3 1 5 1 15 1
-12987267696 1 1 3 2 5 1 15 1
71141588154 1 3 4 1 5 1 15 1
-56180303598 1 1 2 1 4 1 5 1 15 1
-13009234329 1 2 5 2 15 1
25961295672 1 6 6 1 15 1
-162436154419 1 4 2 1 6 1 15 1
194107758893 1 2 2 2 6 1 15 1
70804304064 1 3 3 1 6 1 15 1
-54641410138 1 1 2 1 3 1 6 1 15 1
-44843008392 1 2 4 1 6 1 15 1
8696293788 1 1 5 1 6 1 15 1
-19420383840 1 5 7 1 15 1
83329827423 1 3 2 1 7 1 15 1
-34644914268 1 1 2 2 7 1 15 1
-26241406776 1 2 3 1 7 1 15 1
8976404892 1 1 4 1 7 1 15 1
17265001884 1 4 8 1 15 1
-54325854807 1 2 2 1 8 1 15 1
8639120802 1 1 3 1 8 1 15 1
-10781263038 1 3 9 1 15 1
11401686642 1 1 2 1 9 1 15 1
8625881082 1 2 10 1 15 1
-2155381956 1 1 11 1 15 1
2155381956 1 11 16 1
-44184005250 1 9 2 1 16 1
255859430376 1 7 2 2 16 1
-579280455666 1 5 2 3 16 1
499946742570 1 3 2 4 16 1
-114305429766 1 1 2 5 16 1
34937700564 1 8 3 1 16 1
-326396656439 1 6 2 1 3 1 16 1
812742187924 1 4 2 2 3 1 16 1
-521366849255 1 2 2 3 3 1 16 1
93780453689 1 5 3 2 16 1
-305367054001 1 3 2 1 3 2 16 1
96889481921 1 1 2 2 3 2 16 1
26734444737 1 2 3 3 16 1
-32782318608 1 7 4 1 16 1
271360975445 1 5 2 1 4 1 16 1
-555203081451 1 3 2 2 4 1 16 1
247772094139 1 1 2 3 4 1 16 1
-143926913026 1 4 3 1 4 1 16 1
330022879429 1 2 2 1 3 1 4 1 16 1
-22386297843 1 1 3 2 4 1 16 1
54494606231 1 3 4 2 16 1
-87378682529 1 1 2 1 4 2 16 1
25961295672 1 6 5 1 16 1
-162365741713 1 4 2 1 5 1 16 1
193778963842 1 2 2 2 5 1 16 1
70733891358 1 3 3 1 5 1 16 1
-54312615087 1 1 2 1 3 1 5 1 16 1
-44772595686 1 2 4 1 5 1 16 1
4312940541 1 1 5 2 16 1
-23805913716 1 5 6 1 16 1
124722648295 1 3 2 1 6 1 16 1
-104821434487 1 1 2 2 6 1 16 1
-44492484582 1 2 3 1 6 1 16 1
27170309712 1 1 4 1 6 1 16 1
17265001884 1 4 7 1 16 1
-54312615087 1 2 2 1 7 1 16 1
8625881082 1 1 3 1 7 1 16 1
-15109619928 1 3 8 1 16 1
34285047363 1 1 2 1 8 1 16 1
8625881082 1 2 9 1 16 1
-6470499126 1 1 10 1 16 1
-2155381956 1 10 17 1
37713506124 1 8 2 1 17 1
-181465251678 1 6 2 2 17 1
310381425720 1 4 2 3 17 1
-155285166510 1 2 2 4 17 1
-28467201438 1 7 3 1 17 1
211893346406 1 5 2 1 3 1 17 1
-357379264676 1 3 2 2 3 1 17 1
79815791274 1 1 2 3 3 1 17 1
-53671322354 1 4 3 2 17 1
96516862856 1 2 2 1 3 2 17 1
-4348146894 1 1 3 3 17 1
26311819482 1 6 4 1 17 1
-165483546494 1 4 2 1 4 1 17 1
198925368976 1 2 2 2 4 1 17 1
72334531438 1 3 3 1 4 1 17 1
-56180303598 1 1 2 1 3 1 4 1 17 1
-23011355978 1 2 4 2 17 1
-19490796546 1 5 5 1 17 1
83658622474 1 3 2 1 5 1 17 1
-34644914268 1 1 2 2 5 1 17 1
-26311819482 1 2 3 1 5 1 17 1
8976404892 1 1 4 1 5 1 17 1
17335414590 1 4 6 1 17 1
-54641410138 1 2 2 1 6 1 17 1
8696293788 1 1 3 1 6 1 17 1
-10794502758 1 3 7 1 17 1
11401686642 1 1 2 1 7 1 17 1
8639120802 1 2 8 1 17 1
-2155381956 1 1 9 1 17 1
2155381956 1 9 18 1
-35558124168 1 7 2 1 18 1
152390866356 1 5 2 2 18 1
-215208060960 1 3 2 3 18 1
75469375236 1 1 2 4 18 1
26311819482 1 6 3 1 18 1
-165146262404 1 4 2 1 3 1 18 1
197329302530 1 2 2 2 3 1 18 1
35998623674 1 3 3 2 18 1
-27292118576 1 1 2 1 3 2 18 1
-24156437526 1 5 4 1 18 1
127432756280 1 3 2 1 4 1 18 1
-108100151110 1 1 2 2 4 1 18 1
-45685427866 1 2 3 1 4 1 18 1
14034951086 1 1 4 2 18 1
17335414590 1 4 5 1 18 1
-54584237152 1 2 2 1 5 1 18 1
8639120802 1 1 3 1 5 1 18 1
-15180032634 1 3 6 1 18 1
34543429708 1 1 2 1 6 1 18 1
8639120802 1 2 7 1 18 1
-6483738846 1 1 8 1 18 1
-2155381956 1 8 19 1
29074385322 1 6 2 1 19 1
-95173364760 1 4 2 2 19 1
79815791274 1 2 2 3 19 1
-19828080636 1 5 3 1 19 1
85254688920 1 3 2 1 3 1 19 1
-34644914268 1 1 2 2 3 1 19 1
-13324551786 1 2 3 2 19 1
17672698680 1 4 4 1 19 1
-56180303598 1 2 2 1 4 1 19 1
8976404892 1 1 3 1 4 1 19 1
-10851675744 1 3 5 1 19 1
11401686642 1 1 2 1 5 1 19 1
8696293788 1 2 6 1 19 1
-2155381956 1 1 7 1 19 1
2155381956 1 7 20 1
-26919003366 1 5 2 1 20 1
74795273226 1 3 2 2 20 1
-45170877006 1 1 2 3 20 1
17672698680 1 4 3 1 20 1
-55900192494 1 2 2 1 3 1 20 1
4348146894 1 1 3 2 20 1
-15517316724 1 3 4 1 20 1
35802212064 1 1 2 1 4 1 20 1
8696293788 1 2 5 1 20 1
-6540911832 1 1 6 1 20 1
-2155381956 1 6 21 1
20378091534 1 4 2 1 21 1
-34644914268 1 2 2 2 21 1
-11131786848 1 3 3 1 21 1
11401686642 1 1 2 1 3 1 21 1
8976404892 1 2 4 1 21 1
-2155381956 1 1 5 1 21 1
2155381956 1 5 22 1
-18222709578 1 3 2 1 22 1
23243227626 1 1 2 2 22 1
8976404892 1 2 3 1 22 1
-6821022936 1 1 4 1 22 1
-2155381956 1 4 23 1
11401686642 1 2 2 1 23 1
-2155381956 1 1 3 1 23 1
2155381956 1 3 24 1
-9246304686 1 1 2 1 24 1
-2155381956 1 2 25 1
2155381956 1 1 26 1
